+---------------------------------------------------------+
|                                                         |
|           ////////                 ****///              |
|       ///////////////          ********////////         |
|   *//////////////////////   ***********////////////     |
|   *****//////////////////////**********////////////     |
|   *********//////////////////////******////////////     |
|   ************ /////////////////////** ////////////     |
|   ************    ////////////////     ////////////     |
|   ************        /////////        ////////////     |
|   ************            /            ////////////     |
|   ************                         ////////////     |
|   ************                         ////////////     |
|   ************                         ////////////     |
|   ************                         ////////////     |
|    ***********                         ///////////      |
|        *******                         //////           |
|             **                         //               |
|                                                         |
|         MaCh3D, Revolution in Material Testing          |
|     Made in Italy with passion for materials world      |
|                     Since Aug, 2020                     |
|                                                         |
+---------------------------------------------------------+
|             MaCh S/N:              |
|                 MaCh FW  version: 0.0.0                  |
|                 MaChWare version: 1.0.0                  |
+---------------------------------------------------------+

2023-06-05
11:25:12

+---------------------------------------------------------+
|                         ROUTINE                         |
+---------------------------------------------------------+

ID;;0
Name;;
Description;;
STR1 GF;;0.0010
STR2 GF;;0.0010
LOAD cpr th;(N);-4999
LOAD ext th;(N);4999
EXTS cpr th;(mm);0.00
EXTS ext th;(mm);0.00
STR1 cpr th;(mm/mm);0.00
STR1 ext th;(mm/mm);0.00
STR2 cpr th;(mm/mm);0.00
STR2 ext th;(mm/mm);0.00
TMP1 low th;(deg_C);0.0
TMP1 high th;(deg_C);0.0
TMP2 low th;(deg_C);0.0
TMP2 high th;(deg_C);0.0

+---------------------------------------------------------+
|                          DATA                           |
+---------------------------------------------------------+

TIME;DISP;LOAD;EXTS;ENC1;ENC2;STR1;STR2;TMP1;TMP2
-;-;ON;ON;ON;OFF;OFF;OFF;ON;OFF
(ms);(mm);(N);(mm);(mm);(mm);(mm/mm);(mm/mm);(deg_C);(deg_C)

0;7.430;2.94;0.00714;-0.001;0;0;0;nan;0
200;7.443;4.23;0.00692;0.004;0;0;0;nan;0
400;7.459;4.16;0.00631;0.019;0;0;0;nan;0
600;7.476;5.95;0.00729;0.034;0;0;0;nan;0
800;7.493;5.17;0.00857;0.050;0;0;0;nan;0
1000;7.510;6.24;0.00692;0.065;0;0;0;nan;0
1200;7.526;4.38;0.00677;0.080;0;0;0;nan;0
1400;7.543;6.31;0.00699;0.095;0;0;0;nan;0
1600;7.560;6.45;0.00669;0.112;0;0;0;nan;0
1800;7.577;6.10;0.00684;0.129;0;0;0;nan;0
2000;7.593;5.09;0.01022;0.146;0;0;0;nan;0
2200;7.610;6.10;0.00804;0.163;0;0;0;nan;0
2400;7.627;4.81;0.00864;0.179;0;0;0;nan;0
2600;7.643;5.66;0.00504;0.196;0;0;0;nan;0
2800;7.660;4.74;0.00827;0.212;0;0;0;nan;0
3000;7.677;6.38;0.00910;0.228;0;0;0;nan;0
3200;7.694;3.87;0.00917;0.244;0;0;0;nan;0
3400;7.711;5.88;0.00782;0.261;0;0;0;nan;0
3600;7.727;5.17;0.00519;0.278;0;0;0;nan;0
3800;7.744;4.87;0.00737;0.294;0;0;0;nan;0
4000;7.761;6.10;0.00819;0.311;0;0;0;nan;0
4200;7.777;7.96;0.00962;0.327;0;0;0;nan;0
4400;7.794;6.45;0.00917;0.344;0;0;0;nan;0
4600;7.811;6.81;0.00895;0.361;0;0;0;nan;0
4800;7.827;5.74;0.00864;0.378;0;0;0;nan;0
5000;7.844;7.39;0.00707;0.395;0;0;0;nan;0
5200;7.861;6.89;0.00925;0.413;0;0;0;nan;0
5400;7.878;6.38;0.00804;0.429;0;0;0;nan;0
5600;7.894;5.88;0.00970;0.446;0;0;0;nan;0
5800;7.911;7.10;0.00609;0.464;0;0;0;nan;0
6000;7.928;6.31;0.00699;0.481;0;0;0;nan;0
6200;7.945;6.31;0.00722;0.498;0;0;0;nan;0
6400;7.961;7.89;0.00849;0.515;0;0;0;nan;0
6600;7.978;8.04;0.00759;0.532;0;0;0;nan;0
6800;7.995;7.10;0.00797;0.548;0;0;0;nan;0
7000;8.011;6.10;0.00774;0.564;0;0;0;nan;0
7200;8.028;6.38;0.00714;0.581;0;0;0;nan;0
7400;8.045;5.23;0.00782;0.598;0;0;0;nan;0
7600;8.062;9.32;0.00925;0.615;0;0;0;nan;0
7800;8.078;8.75;0.00864;0.632;0;0;0;nan;0
8000;8.095;5.95;0.00887;0.649;0;0;0;nan;0
8200;8.112;7.32;0.00699;0.666;0;0;0;nan;0
8400;8.128;9.04;0.00579;0.683;0;0;0;nan;0
8600;8.145;8.97;0.00812;0.700;0;0;0;nan;0
8800;8.162;4.59;0.00752;0.717;0;0;0;nan;0
9000;8.179;7.82;0.00804;0.734;0;0;0;nan;0
9200;8.195;8.97;0.00834;0.751;0;0;0;nan;0
9400;8.212;8.89;0.00699;0.767;0;0;0;nan;0
9600;8.229;11.12;0.00541;0.784;0;0;0;nan;0
9800;8.246;15.50;0.00263;0.800;0;0;0;nan;0
10000;8.262;20.37;0.00421;0.816;0;0;0;nan;0
10200;8.279;21.82;0.00113;0.832;0;0;0;nan;0
10400;8.296;26.69;0.00128;0.848;0;0;0;nan;0
10600;8.312;27.55;0.00165;0.864;0;0;0;nan;0
10800;8.329;33.51;0.00316;0.879;0;0;0;nan;0
11000;8.346;37.74;0.00526;0.896;0;0;0;nan;0
11200;8.363;39.90;0.00684;0.912;0;0;0;nan;0
11400;8.379;46.07;0.00707;0.928;0;0;0;nan;0
11600;8.396;50.23;0.00849;0.944;0;0;0;nan;0
11800;8.413;53.39;0.00872;0.960;0;0;0;nan;0
12000;8.430;60.14;0.01301;0.975;0;0;0;nan;0
12200;8.447;64.37;0.01466;0.991;0;0;0;nan;0
12400;8.463;68.32;0.01534;1.006;0;0;0;nan;0
12600;8.480;71.19;0.01797;1.021;0;0;0;nan;0
12800;8.497;76.28;0.01759;1.037;0;0;0;nan;0
13000;8.514;83.97;0.02398;1.051;0;0;0;nan;0
13200;8.530;86.04;0.02248;1.066;0;0;0;nan;0
13400;8.547;92.21;0.02428;1.081;0;0;0;nan;0
13600;8.564;96.02;0.02804;1.096;0;0;0;nan;0
13800;8.581;99.11;0.03045;1.111;0;0;0;nan;0
14000;8.597;105.20;0.03060;1.126;0;0;0;nan;0
14200;8.614;108.50;0.03270;1.141;0;0;0;nan;0
14400;8.631;111.45;0.03503;1.155;0;0;0;nan;0
14600;8.647;117.48;0.03548;1.169;0;0;0;nan;0
14800;8.664;123.29;0.03849;1.184;0;0;0;nan;0
15000;8.681;126.66;0.04007;1.198;0;0;0;nan;0
15200;8.698;132.26;0.04307;1.211;0;0;0;nan;0
15400;8.714;135.41;0.04277;1.225;0;0;0;nan;0
15600;8.731;140.80;0.04435;1.237;0;0;0;nan;0
15800;8.748;145.61;0.04661;1.246;0;0;0;nan;0
16000;8.764;146.47;0.04751;1.251;0;0;0;nan;0
16200;8.781;147.19;0.04751;1.254;0;0;0;nan;0
16400;8.798;146.04;0.04871;1.258;0;0;0;nan;0
16600;8.815;153.36;0.04939;1.274;0;0;0;nan;0
16800;8.831;158.02;0.05142;1.290;0;0;0;nan;0
17000;8.848;164.26;0.05698;1.305;0;0;0;nan;0
17200;8.865;167.50;0.05578;1.321;0;0;0;nan;0
17400;8.881;172.67;0.05894;1.336;0;0;0;nan;0
17600;8.898;178.04;0.05969;1.352;0;0;0;nan;0
17800;8.915;183.14;0.06224;1.368;0;0;0;nan;0
18000;8.932;188.88;0.06179;1.384;0;0;0;nan;0
18200;8.948;193.26;0.06480;1.399;0;0;0;nan;0
18400;8.965;198.86;0.06803;1.415;0;0;0;nan;0
18600;8.982;204.24;0.07089;1.431;0;0;0;nan;0
18800;8.999;209.19;0.07269;1.447;0;0;0;nan;0
19000;9.015;216.15;0.07525;1.463;0;0;0;nan;0
19200;9.032;219.67;0.07585;1.480;0;0;0;nan;0
19400;9.049;223.83;0.07871;1.496;0;0;0;nan;0
19600;9.065;230.58;0.07968;1.512;0;0;0;nan;0
19800;9.082;238.04;0.08457;1.527;0;0;0;nan;0
20000;9.099;243.14;0.08427;1.543;0;0;0;nan;0
20200;9.116;246.66;0.08653;1.558;0;0;0;nan;0
20400;9.132;252.82;0.08901;1.574;0;0;0;nan;0
20600;9.149;257.63;0.09104;1.590;0;0;0;nan;0
20800;9.166;264.38;0.09412;1.605;0;0;0;nan;0
21000;9.182;268.61;0.09389;1.621;0;0;0;nan;0
21200;9.199;272.92;0.09562;1.637;0;0;0;nan;0
21400;9.216;280.24;0.10103;1.652;0;0;0;nan;0
21600;9.233;284.26;0.10329;1.668;0;0;0;nan;0
21800;9.249;291.58;0.10652;1.684;0;0;0;nan;0
22000;9.266;294.81;0.10840;1.700;0;0;0;nan;0
22200;9.283;301.70;0.11156;1.717;0;0;0;nan;0
22400;9.300;305.14;0.11096;1.732;0;0;0;nan;0
22600;9.316;312.32;0.11344;1.749;0;0;0;nan;0
22800;9.333;319.35;0.11517;1.764;0;0;0;nan;0
23000;9.350;322.29;0.11930;1.781;0;0;0;nan;0
23200;9.366;329.11;0.11915;1.796;0;0;0;nan;0
23400;9.383;337.15;0.12201;1.812;0;0;0;nan;0
23600;9.400;340.52;0.12336;1.827;0;0;0;nan;0
23800;9.417;344.90;0.12922;1.843;0;0;0;nan;0
24000;9.433;350.64;0.12922;1.859;0;0;0;nan;0
24200;9.450;358.75;0.13298;1.875;0;0;0;nan;0
24400;9.467;363.06;0.13388;1.891;0;0;0;nan;0
24600;9.484;370.37;0.13682;1.908;0;0;0;nan;0
24800;9.500;376.33;0.13892;1.924;0;0;0;nan;0
25000;9.517;381.21;0.14080;1.941;0;0;0;nan;0
25200;9.534;384.87;0.14291;1.957;0;0;0;nan;0
25400;9.550;392.34;0.14666;1.974;0;0;0;nan;0
25600;9.567;396.93;0.14719;1.990;0;0;0;nan;0
25800;9.584;403.32;0.15298;2.007;0;0;0;nan;0
26000;9.601;407.91;0.15343;2.023;0;0;0;nan;0
26200;9.617;414.94;0.15553;2.039;0;0;0;nan;0
26400;9.634;419.75;0.15621;2.055;0;0;0;nan;0
26600;9.651;424.85;0.15974;2.071;0;0;0;nan;0
26800;9.667;431.16;0.16155;2.087;0;0;0;nan;0
27000;9.684;436.26;0.16350;2.104;0;0;0;nan;0
27200;9.701;443.87;0.16516;2.120;0;0;0;nan;0
27400;9.718;448.68;0.16899;2.136;0;0;0;nan;0
27600;9.734;454.41;0.17230;2.152;0;0;0;nan;0
27800;9.751;458.58;0.17463;2.168;0;0;0;nan;0
28000;9.768;464.67;0.17658;2.184;0;0;0;nan;0
28200;9.785;469.20;0.17899;2.200;0;0;0;nan;0
28400;9.801;475.15;0.18237;2.217;0;0;0;nan;0
28600;9.818;479.60;0.18440;2.233;0;0;0;nan;0
28800;9.835;486.71;0.18726;2.249;0;0;0;nan;0
29000;9.851;491.95;0.18914;2.265;0;0;0;nan;0
29200;9.868;500.91;0.19124;2.281;0;0;0;nan;0
29400;9.885;505.72;0.19485;2.297;0;0;0;nan;0
29600;9.902;509.32;0.19530;2.313;0;0;0;nan;0
29800;9.918;516.85;0.19951;2.330;0;0;0;nan;0
30000;9.935;520.65;0.20041;2.346;0;0;0;nan;0
30200;9.952;525.67;0.20335;2.362;0;0;0;nan;0
30400;9.969;531.70;0.20613;2.378;0;0;0;nan;0
30600;9.985;535.58;0.20801;2.394;0;0;0;nan;0
30800;10.002;543.41;0.21026;2.411;0;0;0;nan;0
31000;10.019;548.28;0.21492;2.427;0;0;0;nan;0
31200;10.035;554.60;0.21688;2.444;0;0;0;nan;0
31400;10.052;560.77;0.21936;2.461;0;0;0;nan;0
31600;10.069;566.23;0.21966;2.478;0;0;0;nan;0
31800;10.086;571.60;0.22191;2.494;0;0;0;nan;0
32000;10.102;576.84;0.22657;2.510;0;0;0;nan;0
32200;10.119;583.01;0.22890;2.527;0;0;0;nan;0
32400;10.136;587.46;0.22981;2.543;0;0;0;nan;0
32600;10.152;594.72;0.23379;2.560;0;0;0;nan;0
32800;10.169;599.45;0.23650;2.576;0;0;0;nan;0
33000;10.186;605.77;0.23808;2.592;0;0;0;nan;0
33200;10.203;610.14;0.24153;2.608;0;0;0;nan;0
33400;10.219;617.46;0.24431;2.625;0;0;0;nan;0
33600;10.236;623.21;0.24582;2.641;0;0;0;nan;0
33800;10.253;630.74;0.24965;2.657;0;0;0;nan;0
34000;10.269;635.84;0.25326;2.674;0;0;0;nan;0
34200;10.286;638.49;0.25394;2.690;0;0;0;nan;0
34400;10.303;644.02;0.25559;2.706;0;0;0;nan;0
34600;10.320;649.61;0.25860;2.723;0;0;0;nan;0
34800;10.336;657.15;0.26311;2.739;0;0;0;nan;0
35000;10.353;662.75;0.26544;2.755;0;0;0;nan;0
35200;10.370;668.20;0.26672;2.771;0;0;0;nan;0
35400;10.387;672.65;0.26822;2.787;0;0;0;nan;0
35600;10.403;677.74;0.26957;2.803;0;0;0;nan;0
35800;10.420;684.13;0.27438;2.820;0;0;0;nan;0
36000;10.437;689.73;0.27769;2.836;0;0;0;nan;0
36200;10.454;695.40;0.27814;2.852;0;0;0;nan;0
36400;10.470;699.92;0.28348;2.868;0;0;0;nan;0
36600;10.487;707.89;0.28536;2.885;0;0;0;nan;0
36800;10.504;710.55;0.28611;2.901;0;0;0;nan;0
37000;10.520;714.78;0.29100;2.918;0;0;0;nan;0
37200;10.537;721.81;0.29431;2.934;0;0;0;nan;0
37400;10.554;728.20;0.29581;2.951;0;0;0;nan;0
37600;10.570;732.86;0.29994;2.968;0;0;0;nan;0
37800;10.587;738.32;0.30024;2.984;0;0;0;nan;0
38000;10.604;743.55;0.30498;3.001;0;0;0;nan;0
38200;10.621;748.94;0.30506;3.017;0;0;0;nan;0
38400;10.638;755.61;0.30949;3.033;0;0;0;nan;0
38600;10.655;759.99;0.31129;3.049;0;0;0;nan;0
38800;10.671;765.44;0.31393;3.065;0;0;0;nan;0
39000;10.688;770.54;0.31633;3.082;0;0;0;nan;0
39200;10.705;776.35;0.31986;3.098;0;0;0;nan;0
39400;10.721;781.66;0.32295;3.114;0;0;0;nan;0
39600;10.738;787.69;0.32543;3.130;0;0;0;nan;0
39800;10.755;790.85;0.32738;3.146;0;0;0;nan;0
40000;10.772;798.38;0.33076;3.163;0;0;0;nan;0
40200;10.788;801.90;0.33076;3.179;0;0;0;nan;0
40400;10.805;807.28;0.33497;3.195;0;0;0;nan;0
40600;10.822;814.89;0.33866;3.211;0;0;0;nan;0
40800;10.839;819.34;0.34212;3.228;0;0;0;nan;0
41000;10.855;823.43;0.34437;3.244;0;0;0;nan;0
41200;10.872;830.17;0.34625;3.261;0;0;0;nan;0
41400;10.889;833.83;0.35039;3.277;0;0;0;nan;0
41600;10.906;839.22;0.35069;3.293;0;0;0;nan;0
41800;10.922;843.24;0.35347;3.310;0;0;0;nan;0
42000;10.939;847.12;0.35723;3.326;0;0;0;nan;0
42200;10.956;855.08;0.36083;3.343;0;0;0;nan;0
42400;10.973;859.53;0.36362;3.359;0;0;0;nan;0
42600;10.989;864.26;0.36662;3.375;0;0;0;nan;0
42800;11.006;868.86;0.36910;3.392;0;0;0;nan;0
43000;11.023;876.68;0.37068;3.409;0;0;0;nan;0
43200;11.039;880.12;0.37211;3.426;0;0;0;nan;0
43400;11.056;885.22;0.37873;3.443;0;0;0;nan;0
43600;11.073;889.45;0.38053;3.460;0;0;0;nan;0
43800;11.090;893.69;0.38121;3.477;0;0;0;nan;0
44000;11.106;899.22;0.38324;3.494;0;0;0;nan;0
44200;11.123;905.89;0.38917;3.510;0;0;0;nan;0
44400;11.140;911.63;0.39406;3.527;0;0;0;nan;0
44600;11.157;911.49;0.39369;3.543;0;0;0;nan;0
44800;11.173;919.74;0.39617;3.560;0;0;0;nan;0
45000;11.190;925.26;0.39977;3.576;0;0;0;nan;0
45200;11.207;928.50;0.40263;3.592;0;0;0;nan;0
45400;11.224;935.31;0.40654;3.609;0;0;0;nan;0
45600;11.240;940.41;0.41030;3.625;0;0;0;nan;0
45800;11.257;944.00;0.41413;3.642;0;0;0;nan;0
46000;11.274;948.51;0.41338;3.658;0;0;0;nan;0
46200;11.291;953.97;0.41752;3.675;0;0;0;nan;0
46400;11.307;957.06;0.42015;3.691;0;0;0;nan;0
46600;11.324;963.59;0.42330;3.707;0;0;0;nan;0
46800;11.341;968.33;0.42654;3.724;0;0;0;nan;0
47000;11.358;973.49;0.42796;3.740;0;0;0;nan;0
47200;11.374;974.64;0.43195;3.757;0;0;0;nan;0
47400;11.391;980.66;0.43390;3.773;0;0;0;nan;0
47600;11.408;985.47;0.43766;3.789;0;0;0;nan;0
47800;11.425;990.93;0.44307;3.805;0;0;0;nan;0
48000;11.442;995.81;0.44292;3.822;0;0;0;nan;0
48200;11.458;1000.12;0.44698;3.838;0;0;0;nan;0
48400;11.475;1004.64;0.45082;3.854;0;0;0;nan;0
48600;11.492;1008.80;0.45322;3.871;0;0;0;nan;0
48800;11.508;1013.82;0.45593;3.887;0;0;0;nan;0
49000;11.525;1015.76;0.45849;3.904;0;0;0;nan;0
49200;11.542;1022.22;0.46247;3.920;0;0;0;nan;0
49400;11.559;1026.67;0.46472;3.937;0;0;0;nan;0
49600;11.575;1030.04;0.46803;3.954;0;0;0;nan;0
49800;11.592;1034.78;0.47224;3.971;0;0;0;nan;0
50000;11.609;1039.66;0.47465;3.988;0;0;0;nan;0
50200;11.626;1042.24;0.47720;4.005;0;0;0;nan;0
50400;11.643;1049.42;0.48096;4.021;0;0;0;nan;0
50600;11.659;1051.07;0.48374;4.037;0;0;0;nan;0
50800;11.676;1056.95;0.48637;4.054;0;0;0;nan;0
51000;11.693;1061.19;0.48953;4.070;0;0;0;nan;0
51200;11.709;1063.27;0.49307;4.087;0;0;0;nan;0
51400;11.726;1066.36;0.49667;4.104;0;0;0;nan;0
51600;11.743;1072.60;0.49893;4.120;0;0;0;nan;0
51800;11.760;1075.90;0.50246;4.137;0;0;0;nan;0
52000;11.776;1080.92;0.50682;4.153;0;0;0;nan;0
52200;11.793;1083.72;0.50960;4.169;0;0;0;nan;0
52400;11.810;1087.81;0.51103;4.186;0;0;0;nan;0
52600;11.827;1092.12;0.51562;4.202;0;0;0;nan;0
52800;11.843;1097.93;0.51908;4.219;0;0;0;nan;0
53000;11.860;1099.15;0.52118;4.235;0;0;0;nan;0
53200;11.877;1102.31;0.52607;4.251;0;0;0;nan;0
53400;11.893;1107.19;0.52870;4.268;0;0;0;nan;0
53600;11.910;1110.14;0.53193;4.284;0;0;0;nan;0
53800;11.927;1113.14;0.53494;4.301;0;0;0;nan;0
54000;11.943;1120.25;0.53824;4.317;0;0;0;nan;0
54200;11.960;1121.33;0.54230;4.334;0;0;0;nan;0
54400;11.977;1124.34;0.54373;4.350;0;0;0;nan;0
54600;11.994;1129.08;0.54614;4.367;0;0;0;nan;0
54800;12.010;1132.81;0.55125;4.384;0;0;0;nan;0
55000;12.027;1136.33;0.55358;4.400;0;0;0;nan;0
55200;12.044;1138.33;0.55644;4.417;0;0;0;nan;0
55400;12.060;1142.86;0.56110;4.434;0;0;0;nan;0
55600;12.077;1145.37;0.56365;4.450;0;0;0;nan;0
55800;12.094;1148.10;0.56471;4.468;0;0;0;nan;0
56000;12.111;1153.41;0.56846;4.484;0;0;0;nan;0
56200;12.127;1156.78;0.57433;4.501;0;0;0;nan;0
56400;12.144;1159.58;0.57643;4.517;0;0;0;nan;0
56600;12.161;1164.46;0.58132;4.534;0;0;0;nan;0
56800;12.178;1166.83;0.58403;4.551;0;0;0;nan;0
57000;12.195;1168.98;0.58575;4.567;0;0;0;nan;0
57200;12.211;1172.71;0.59011;4.583;0;0;0;nan;0
57400;12.228;1175.94;0.59410;4.600;0;0;0;nan;0
57600;12.245;1179.74;0.59696;4.616;0;0;0;nan;0
57800;12.262;1182.19;0.59838;4.633;0;0;0;nan;0
58000;12.278;1184.77;0.60259;4.649;0;0;0;nan;0
58200;12.295;1188.00;0.60650;4.666;0;0;0;nan;0
58400;12.312;1191.66;0.61161;4.682;0;0;0;nan;0
58600;12.328;1195.18;0.61477;4.699;0;0;0;nan;0
58800;12.345;1197.18;0.61973;4.715;0;0;0;nan;0
59000;12.362;1202.21;0.62176;4.732;0;0;0;nan;0
59200;12.379;1204.00;0.62469;4.749;0;0;0;nan;0
59400;12.396;1207.52;0.62770;4.765;0;0;0;nan;0
59600;12.413;1212.04;0.63108;4.782;0;0;0;nan;0
59800;12.429;1214.62;0.63364;4.798;0;0;0;nan;0
60000;12.446;1215.19;0.63995;4.815;0;0;0;nan;0
60200;12.463;1220.73;0.64251;4.831;0;0;0;nan;0
60400;12.479;1221.01;0.64439;4.847;0;0;0;nan;0
60600;12.496;1225.53;0.64860;4.864;0;0;0;nan;0
60800;12.513;1226.68;0.65176;4.881;0;0;0;nan;0
61000;12.530;1231.63;0.65461;4.898;0;0;0;nan;0
61200;12.546;1232.06;0.65958;4.914;0;0;0;nan;0
61400;12.563;1236.29;0.66191;4.931;0;0;0;nan;0
61600;12.580;1240.53;0.66649;4.948;0;0;0;nan;0
61800;12.596;1241.89;0.66837;4.965;0;0;0;nan;0
62000;12.613;1245.05;0.67333;4.981;0;0;0;nan;0
62200;12.630;1246.70;0.67671;4.997;0;0;0;nan;0
62400;12.647;1249.93;0.68092;5.014;0;0;0;nan;0
62600;12.664;1250.22;0.68401;5.030;0;0;0;nan;0
62800;12.680;1256.18;0.68641;5.046;0;0;0;nan;0
63000;12.697;1257.46;0.69198;5.062;0;0;0;nan;0
63200;12.714;1259.40;0.69558;5.079;0;0;0;nan;0
63400;12.730;1262.49;0.69867;5.096;0;0;0;nan;0
63600;12.747;1264.07;0.70280;5.112;0;0;0;nan;0
63800;12.764;1267.15;0.70370;5.129;0;0;0;nan;0
64000;12.781;1269.66;0.70994;5.145;0;0;0;nan;0
64200;12.797;1270.74;0.71280;5.161;0;0;0;nan;0
64400;12.814;1274.26;0.71799;5.177;0;0;0;nan;0
64600;12.831;1277.63;0.72092;5.194;0;0;0;nan;0
64800;12.847;1279.35;0.72505;5.210;0;0;0;nan;0
65000;12.864;1281.29;0.72783;5.227;0;0;0;nan;0
65200;12.881;1284.16;0.72949;5.243;0;0;0;nan;0
65400;12.897;1286.39;0.73452;5.259;0;0;0;nan;0
65600;12.914;1288.47;0.73821;5.276;0;0;0;nan;0
65800;12.931;1291.48;0.74234;5.292;0;0;0;nan;0
66000;12.948;1291.91;0.74678;5.309;0;0;0;nan;0
66200;12.964;1294.21;0.75016;5.325;0;0;0;nan;0
66400;12.981;1297.94;0.75309;5.342;0;0;0;nan;0
66600;12.998;1298.30;0.75813;5.358;0;0;0;nan;0
66800;13.014;1301.75;0.76076;5.375;0;0;0;nan;0
67000;13.031;1304.98;0.76512;5.392;0;0;0;nan;0
67200;13.048;1306.77;0.77098;5.408;0;0;0;nan;0
67400;13.065;1307.34;0.77294;5.425;0;0;0;nan;0
67600;13.081;1309.21;0.77662;5.442;0;0;0;nan;0
67800;13.098;1312.87;0.78106;5.459;0;0;0;nan;0
68000;13.115;1315.16;0.78188;5.476;0;0;0;nan;0
68200;13.132;1317.82;0.78895;5.493;0;0;0;nan;0
68400;13.148;1318.90;0.79248;5.510;0;0;0;nan;0
68600;13.165;1320.48;0.79421;5.526;0;0;0;nan;0
68800;13.182;1323.27;0.80000;5.543;0;0;0;nan;0
69000;13.198;1323.21;0.80053;5.559;0;0;0;nan;0
69200;13.215;1327.94;0.80789;5.575;0;0;0;nan;0
69400;13.232;1329.09;0.81135;5.593;0;0;0;nan;0
69600;13.249;1331.45;0.81511;5.609;0;0;0;nan;0
69800;13.266;1331.81;0.81879;5.626;0;0;0;nan;0
70000;13.282;1334.26;0.82142;5.642;0;0;0;nan;0
70200;13.299;1337.84;0.82676;5.659;0;0;0;nan;0
70400;13.316;1336.12;0.82872;5.675;0;0;0;nan;0
70600;13.333;1341.00;0.83180;5.692;0;0;0;nan;0
70800;13.349;1340.14;0.83864;5.708;0;0;0;nan;0
71000;13.366;1344.37;0.84014;5.725;0;0;0;nan;0
71200;13.383;1345.52;0.84405;5.741;0;0;0;nan;0
71400;13.399;1348.54;0.85014;5.758;0;0;0;nan;0
71600;13.416;1351.62;0.85270;5.774;0;0;0;nan;0
71800;13.433;1353.63;0.85631;5.791;0;0;0;nan;0
72000;13.449;1355.78;0.85984;5.807;0;0;0;nan;0
72200;13.466;1357.15;0.86510;5.824;0;0;0;nan;0
72400;13.483;1359.16;0.86886;5.840;0;0;0;nan;0
72600;13.500;1361.09;0.87172;5.856;0;0;0;nan;0
72800;13.516;1363.11;0.87961;5.873;0;0;0;nan;0
73000;13.533;1364.32;0.87998;5.888;0;0;0;nan;0
73200;13.550;1365.62;0.88487;5.906;0;0;0;nan;0
73400;13.566;1368.71;0.88803;5.922;0;0;0;nan;0
73600;13.583;1370.07;0.89231;5.940;0;0;0;nan;0
73800;13.600;1370.78;0.89540;5.956;0;0;0;nan;0
74000;13.616;1371.86;0.90066;5.972;0;0;0;nan;0
74200;13.633;1373.80;0.90532;5.989;0;0;0;nan;0
74400;13.650;1374.37;0.90742;6.006;0;0;0;nan;0
74600;13.667;1378.61;0.91336;6.023;0;0;0;nan;0
74800;13.683;1379.68;0.91441;6.039;0;0;0;nan;0
75000;13.700;1379.40;0.92073;6.055;0;0;0;nan;0
75200;13.717;1383.49;0.92351;6.072;0;0;0;nan;0
75400;13.734;1383.56;0.92892;6.089;0;0;0;nan;0
75600;13.750;1386.64;0.93321;6.105;0;0;0;nan;0
75800;13.767;1388.44;0.93524;6.122;0;0;0;nan;0
76000;13.784;1390.59;0.93900;6.138;0;0;0;nan;0
76200;13.800;1391.60;0.94238;6.155;0;0;0;nan;0
76400;13.817;1392.75;0.94817;6.171;0;0;0;nan;0
76600;13.834;1395.11;0.94930;6.188;0;0;0;nan;0
76800;13.851;1395.40;0.95486;6.204;0;0;0;nan;0
77000;13.867;1398.05;0.96162;6.221;0;0;0;nan;0
77200;13.884;1399.56;0.96320;6.237;0;0;0;nan;0
77400;13.901;1401.07;0.96779;6.253;0;0;0;nan;0
77600;13.917;1401.21;0.97019;6.270;0;0;0;nan;0
77800;13.934;1403.22;0.97508;6.286;0;0;0;nan;0
78000;13.951;1404.01;0.97899;6.303;0;0;0;nan;0
78200;13.967;1407.60;0.98320;6.319;0;0;0;nan;0
78400;13.984;1409.40;0.98816;6.336;0;0;0;nan;0
78600;14.001;1407.53;0.99320;6.352;0;0;0;nan;0
78800;14.018;1408.46;0.99605;6.369;0;0;0;nan;0
79000;14.034;1409.61;0.99966;6.385;0;0;0;nan;0
79200;14.051;1414.27;1.00515;6.403;0;0;0;nan;0
79400;14.068;1417.51;1.00989;6.419;0;0;0;nan;0
79600;14.084;1418.15;1.01252;6.436;0;0;0;nan;0
79800;14.101;1419.80;1.01552;6.453;0;0;0;nan;0
80000;14.118;1420.23;1.01973;6.470;0;0;0;nan;0
80200;14.135;1422.53;1.02432;6.487;0;0;0;nan;0
80400;14.151;1425.54;1.02785;6.503;0;0;0;nan;0
80600;14.168;1424.68;1.03236;6.520;0;0;0;nan;0
80800;14.185;1424.82;1.03672;6.536;0;0;0;nan;0
81000;14.202;1427.19;1.03883;6.552;0;0;0;nan;0
81200;14.218;1429.63;1.04537;6.569;0;0;0;nan;0
81400;14.235;1430.92;1.05101;6.585;0;0;0;nan;0
81600;14.252;1432.00;1.05281;6.602;0;0;0;nan;0
81800;14.268;1430.78;1.05649;6.618;0;0;0;nan;0
82000;14.285;1433.50;1.06070;6.635;0;0;0;nan;0
82200;14.302;1434.65;1.06499;6.651;0;0;0;nan;0
82400;14.318;1438.89;1.06920;6.668;0;0;0;nan;0
82600;14.335;1438.46;1.07469;6.684;0;0;0;nan;0
82800;14.352;1438.31;1.07604;6.701;0;0;0;nan;0
83000;14.368;1439.97;1.08190;6.717;0;0;0;nan;0
83200;14.385;1442.62;1.08506;6.734;0;0;0;nan;0
83400;14.402;1444.63;1.08611;6.750;0;0;0;nan;0
83600;14.418;1444.70;1.09190;6.767;0;0;0;nan;0
83800;14.435;1446.93;1.09716;6.783;0;0;0;nan;0
84000;14.452;1448.43;1.10062;6.800;0;0;0;nan;0
84200;14.469;1448.87;1.10611;6.816;0;0;0;nan;0
84400;14.485;1449.22;1.11062;6.833;0;0;0;nan;0
84600;14.502;1452.60;1.11235;6.849;0;0;0;nan;0
84800;14.519;1453.17;1.11701;6.866;0;0;0;nan;0
85000;14.536;1455.54;1.12189;6.883;0;0;0;nan;0
85200;14.552;1455.83;1.12550;6.900;0;0;0;nan;0
85400;14.569;1456.69;1.12971;6.916;0;0;0;nan;0
85600;14.586;1459.63;1.13558;6.933;0;0;0;nan;0
85800;14.602;1458.84;1.13768;6.949;0;0;0;nan;0
86000;14.619;1458.84;1.14129;6.967;0;0;0;nan;0
86200;14.636;1459.48;1.14610;6.984;0;0;0;nan;0
86400;14.653;1462.29;1.14933;7.000;0;0;0;nan;0
86600;14.670;1464.51;1.15309;7.017;0;0;0;nan;0
86800;14.686;1466.66;1.15798;7.033;0;0;0;nan;0
87000;14.703;1468.17;1.16294;7.050;0;0;0;nan;0
87200;14.720;1467.38;1.16504;7.066;0;0;0;nan;0
87400;14.737;1469.75;1.16970;7.083;0;0;0;nan;0
87600;14.753;1470.68;1.17414;7.099;0;0;0;nan;0
87800;14.770;1470.82;1.18030;7.116;0;0;0;nan;0
88000;14.787;1472.91;1.18369;7.132;0;0;0;nan;0
88200;14.803;1473.34;1.18797;7.148;0;0;0;nan;0
88400;14.820;1477.21;1.19136;7.165;0;0;0;nan;0
88600;14.837;1475.13;1.19632;7.181;0;0;0;nan;0
88800;14.853;1478.00;1.20173;7.198;0;0;0;nan;0
89000;14.870;1478.07;1.20556;7.214;0;0;0;nan;0
89200;14.887;1480.01;1.20887;7.231;0;0;0;nan;0
89400;14.904;1482.81;1.21210;7.247;0;0;0;nan;0
89600;14.920;1483.02;1.21894;7.264;0;0;0;nan;0
89800;14.937;1485.32;1.22090;7.280;0;0;0;nan;0
90000;14.954;1487.40;1.22473;7.297;0;0;0;nan;0
90200;14.970;1485.61;1.22766;7.313;0;0;0;nan;0
90400;14.987;1487.76;1.23263;7.330;0;0;0;nan;0
90600;15.004;1487.83;1.23691;7.346;0;0;0;nan;0
90800;15.021;1489.20;1.24262;7.363;0;0;0;nan;0
91000;15.037;1489.41;1.24661;7.380;0;0;0;nan;0
91200;15.054;1491.78;1.25074;7.396;0;0;0;nan;0
91400;15.071;1492.93;1.25428;7.413;0;0;0;nan;0
91600;15.087;1494.08;1.25864;7.430;0;0;0;nan;0
91800;15.104;1495.65;1.26315;7.448;0;0;0;nan;0
92000;15.121;1496.44;1.26540;7.465;0;0;0;nan;0
92200;15.138;1498.02;1.27164;7.482;0;0;0;nan;0
92400;15.154;1499.39;1.27532;7.499;0;0;0;nan;0
92600;15.171;1500.04;1.28059;7.515;0;0;0;nan;0
92800;15.188;1500.32;1.28359;7.532;0;0;0;nan;0
93000;15.204;1503.12;1.28675;7.548;0;0;0;nan;0
93200;15.221;1503.12;1.29231;7.565;0;0;0;nan;0
93400;15.238;1504.77;1.29585;7.581;0;0;0;nan;0
93600;15.254;1506.13;1.29908;7.598;0;0;0;nan;0
93800;15.271;1508.21;1.30750;7.614;0;0;0;nan;0
94000;15.288;1507.71;1.30795;7.631;0;0;0;nan;0
94200;15.305;1508.64;1.31291;7.647;0;0;0;nan;0
94400;15.321;1510.01;1.31780;7.664;0;0;0;nan;0
94600;15.338;1510.01;1.32208;7.680;0;0;0;nan;0
94800;15.355;1511.59;1.32547;7.697;0;0;0;nan;0
95000;15.372;1514.46;1.33125;7.714;0;0;0;nan;0
95200;15.388;1513.60;1.33524;7.730;0;0;0;nan;0
95400;15.405;1516.97;1.33930;7.747;0;0;0;nan;0
95600;15.422;1516.39;1.34215;7.764;0;0;0;nan;0
95800;15.439;1517.33;1.34674;7.781;0;0;0;nan;0
96000;15.455;1518.19;1.35132;7.797;0;0;0;nan;0
96200;15.472;1518.41;1.35343;7.813;0;0;0;nan;0
96400;15.489;1523.29;1.36035;7.830;0;0;0;nan;0
96600;15.505;1525.01;1.36471;7.847;0;0;0;nan;0
96800;15.522;1522.78;1.36794;7.863;0;0;0;nan;0
97000;15.539;1523.71;1.37260;7.880;0;0;0;nan;0
97200;15.555;1525.51;1.37741;7.897;0;0;0;nan;0
97400;15.572;1526.73;1.38109;7.913;0;0;0;nan;0
97600;15.589;1526.23;1.38538;7.930;0;0;0;nan;0
97800;15.606;1528.89;1.39004;7.947;0;0;0;nan;0
98000;15.622;1529.60;1.39395;7.964;0;0;0;nan;0
98200;15.639;1531.75;1.39899;7.981;0;0;0;nan;0
98400;15.656;1532.90;1.40267;7.999;0;0;0;nan;0
98600;15.672;1534.48;1.40628;8.015;0;0;0;nan;0
98800;15.689;1533.47;1.41124;8.032;0;0;0;nan;0
99000;15.706;1534.34;1.41612;8.048;0;0;0;nan;0
99200;15.723;1534.41;1.41748;8.065;0;0;0;nan;0
99400;15.740;1536.34;1.42454;8.082;0;0;0;nan;0
99600;15.756;1536.13;1.42860;8.098;0;0;0;nan;0
99800;15.773;1538.86;1.43184;8.115;0;0;0;nan;0
100000;15.790;1537.85;1.43755;8.131;0;0;0;nan;0
100200;15.807;1541.23;1.44213;8.148;0;0;0;nan;0
100400;15.823;1540.79;1.44634;8.165;0;0;0;nan;0
100600;15.840;1539.51;1.44988;8.181;0;0;0;nan;0
100800;15.857;1541.87;1.45326;8.198;0;0;0;nan;0
101000;15.873;1543.81;1.45905;8.215;0;0;0;nan;0
101200;15.890;1544.17;1.46168;8.231;0;0;0;nan;0
101400;15.907;1548.40;1.46777;8.248;0;0;0;nan;0
101600;15.924;1546.61;1.47213;8.265;0;0;0;nan;0
101800;15.940;1547.97;1.47807;8.281;0;0;0;nan;0
102000;15.957;1549.12;1.48010;8.298;0;0;0;nan;0
102200;15.974;1549.19;1.48438;8.314;0;0;0;nan;0
102400;15.990;1547.54;1.48867;8.331;0;0;0;nan;0
102600;16.007;1551.78;1.49461;8.348;0;0;0;nan;0
102800;16.024;1552.71;1.49686;8.364;0;0;0;nan;0
103000;16.041;1553.78;1.50295;8.381;0;0;0;nan;0
103200;16.057;1555.01;1.50603;8.398;0;0;0;nan;0
103400;16.074;1554.79;1.51084;8.415;0;0;0;nan;0
103600;16.091;1556.08;1.51588;8.432;0;0;0;nan;0
103800;16.108;1556.59;1.52024;8.449;0;0;0;nan;0
104000;16.124;1557.95;1.52370;8.466;0;0;0;nan;0
104200;16.141;1560.53;1.52828;8.483;0;0;0;nan;0
104400;16.158;1559.17;1.53400;8.500;0;0;0;nan;0
104600;16.174;1560.96;1.53964;8.516;0;0;0;nan;0
104800;16.191;1561.18;1.54242;8.533;0;0;0;nan;0
105000;16.208;1563.19;1.54633;8.550;0;0;0;nan;0
105200;16.225;1563.91;1.55084;8.566;0;0;0;nan;0
105400;16.241;1564.34;1.55512;8.583;0;0;0;nan;0
105600;16.258;1565.05;1.55926;8.600;0;0;0;nan;0
105800;16.275;1567.35;1.56422;8.616;0;0;0;nan;0
106000;16.292;1565.70;1.56790;8.633;0;0;0;nan;0
106200;16.308;1566.99;1.57151;8.650;0;0;0;nan;0
106400;16.325;1567.85;1.57700;8.667;0;0;0;nan;0
106600;16.342;1567.85;1.58279;8.683;0;0;0;nan;0
106800;16.359;1570.00;1.58534;8.699;0;0;0;nan;0
107000;16.375;1570.00;1.59075;8.716;0;0;0;nan;0
107200;16.392;1571.73;1.59572;8.733;0;0;0;nan;0
107400;16.409;1573.45;1.59865;8.750;0;0;0;nan;0
107600;16.426;1573.09;1.60451;8.767;0;0;0;nan;0
107800;16.442;1575.03;1.60737;8.783;0;0;0;nan;0
108000;16.459;1574.24;1.61526;8.799;0;0;0;nan;0
108200;16.476;1574.60;1.61691;8.816;0;0;0;nan;0
108400;16.492;1576.32;1.62240;8.833;0;0;0;nan;0
108600;16.509;1577.54;1.62563;8.849;0;0;0;nan;0
108800;16.526;1579.05;1.62984;8.866;0;0;0;nan;0
109000;16.542;1577.69;1.63323;8.882;0;0;0;nan;0
109200;16.559;1580.84;1.64014;8.898;0;0;0;nan;0
109400;16.576;1580.05;1.64217;8.915;0;0;0;nan;0
109600;16.593;1578.69;1.64819;8.932;0;0;0;nan;0
109800;16.609;1581.27;1.65330;8.949;0;0;0;nan;0
110000;16.626;1584.65;1.65818;8.967;0;0;0;nan;0
110200;16.643;1586.08;1.66097;8.984;0;0;0;nan;0
110400;16.660;1583.93;1.66480;9.001;0;0;0;nan;0
110600;16.676;1585.00;1.66856;9.017;0;0;0;nan;0
110800;16.693;1585.14;1.67578;9.034;0;0;0;nan;0
111000;16.710;1587.37;1.68036;9.051;0;0;0;nan;0
111200;16.727;1588.81;1.68435;9.067;0;0;0;nan;0
111400;16.743;1588.95;1.68961;9.084;0;0;0;nan;0
111600;16.760;1591.10;1.69397;9.101;0;0;0;nan;0
111800;16.777;1590.46;1.69735;9.118;0;0;0;nan;0
112000;16.793;1590.10;1.70389;9.134;0;0;0;nan;0
112200;16.810;1591.89;1.70690;9.151;0;0;0;nan;0
112400;16.827;1592.75;1.71201;9.168;0;0;0;nan;0
112600;16.844;1593.19;1.71592;9.185;0;0;0;nan;0
112800;16.860;1594.12;1.71990;9.201;0;0;0;nan;0
113000;16.877;1597.92;1.72516;9.218;0;0;0;nan;0
113200;16.894;1595.19;1.73013;9.235;0;0;0;nan;0
113400;16.911;1596.27;1.73471;9.251;0;0;0;nan;0
113600;16.927;1597.85;1.73689;9.268;0;0;0;nan;0
113800;16.944;1596.63;1.74020;9.285;0;0;0;nan;0
114000;16.961;1599.00;1.74847;9.302;0;0;0;nan;0
114200;16.977;1600.72;1.75117;9.318;0;0;0;nan;0
114400;16.994;1599.93;1.75614;9.335;0;0;0;nan;0
114600;17.011;1601.08;1.76140;9.352;0;0;0;nan;0
114800;17.028;1603.45;1.76734;9.368;0;0;0;nan;0
115000;17.044;1605.31;1.77125;9.385;0;0;0;nan;0
115200;17.061;1604.38;1.77478;9.403;0;0;0;nan;0
115400;17.078;1605.17;1.78042;9.419;0;0;0;nan;0
115600;17.095;1604.38;1.78538;9.437;0;0;0;nan;0
115800;17.111;1604.09;1.78959;9.454;0;0;0;nan;0
116000;17.128;1604.31;1.79417;9.471;0;0;0;nan;0
116200;17.145;1607.18;1.79846;9.488;0;0;0;nan;0
116400;17.162;1604.52;1.80282;9.505;0;0;0;nan;0
116600;17.178;1608.69;1.80755;9.521;0;0;0;nan;0
116800;17.195;1608.11;1.80974;9.538;0;0;0;nan;0
117000;17.212;1608.47;1.81688;9.554;0;0;0;nan;0
117200;17.228;1609.76;1.82094;9.570;0;0;0;nan;0
117400;17.245;1610.19;1.82642;9.587;0;0;0;nan;0
117600;17.262;1609.62;1.82988;9.603;0;0;0;nan;0
117800;17.278;1610.63;1.83402;9.620;0;0;0;nan;0
118000;17.295;1612.06;1.83928;9.636;0;0;0;nan;0
118200;17.312;1613.71;1.84484;9.653;0;0;0;nan;0
118400;17.329;1612.78;1.84665;9.669;0;0;0;nan;0
118600;17.345;1615.22;1.85296;9.686;0;0;0;nan;0
118800;17.362;1615.36;1.85672;9.703;0;0;0;nan;0
119000;17.379;1615.14;1.86145;9.720;0;0;0;nan;0
119200;17.396;1615.22;1.86807;9.737;0;0;0;nan;0
119400;17.412;1615.43;1.87408;9.753;0;0;0;nan;0
119600;17.429;1615.86;1.87611;9.769;0;0;0;nan;0
119800;17.446;1619.31;1.88017;9.785;0;0;0;nan;0
120000;17.463;1619.88;1.88777;9.802;0;0;0;nan;0
120200;17.480;1619.88;1.89025;9.819;0;0;0;nan;0
120400;17.496;1620.53;1.89588;9.835;0;0;0;nan;0
120600;17.513;1620.89;1.90032;9.852;0;0;0;nan;0
120800;17.530;1621.60;1.90385;9.869;0;0;0;nan;0
121000;17.546;1621.03;1.90972;9.885;0;0;0;nan;0
121200;17.563;1622.18;1.91498;9.902;0;0;0;nan;0
121400;17.580;1622.75;1.91859;9.919;0;0;0;nan;0
121600;17.597;1626.62;1.92438;9.936;0;0;0;nan;0
121800;17.613;1624.98;1.92686;9.953;0;0;0;nan;0
122000;17.630;1624.62;1.93422;9.970;0;0;0;nan;0
122200;17.647;1626.77;1.93655;9.987;0;0;0;nan;0
122400;17.663;1626.13;1.94287;10.003;0;0;0;nan;0
122600;17.680;1626.62;1.94587;10.020;0;0;0;nan;0
122800;17.697;1627.99;1.94903;10.036;0;0;0;nan;0
123000;17.714;1626.92;1.95384;10.053;0;0;0;nan;0
123200;17.730;1628.49;1.96166;10.070;0;0;0;nan;0
123400;17.747;1628.56;1.96362;10.086;0;0;0;nan;0
123600;17.764;1630.94;1.96948;10.102;0;0;0;nan;0
123800;17.780;1631.15;1.97384;10.118;0;0;0;nan;0
124000;17.797;1631.07;1.97775;10.135;0;0;0;nan;0
124200;17.814;1631.65;1.98414;10.152;0;0;0;nan;0
124400;17.830;1631.94;1.98917;10.169;0;0;0;nan;0
124600;17.847;1633.16;1.99301;10.185;0;0;0;nan;0
124800;17.864;1632.08;1.99744;10.202;0;0;0;nan;0
125000;17.881;1631.29;2.00293;10.218;0;0;0;nan;0
125200;17.898;1636.82;2.00662;10.235;0;0;0;nan;0
125400;17.914;1633.73;2.01143;10.251;0;0;0;nan;0
125600;17.931;1634.67;2.01669;10.268;0;0;0;nan;0
125800;17.948;1635.09;2.02120;10.284;0;0;0;nan;0
126000;17.964;1637.39;2.02548;10.301;0;0;0;nan;0
126200;17.981;1637.54;2.03052;10.317;0;0;0;nan;0
126400;17.998;1638.18;2.03563;10.333;0;0;0;nan;0
126600;18.014;1638.47;2.03939;10.350;0;0;0;nan;0
126800;18.031;1640.19;2.04405;10.367;0;0;0;nan;0
127000;18.048;1640.55;2.05007;10.384;0;0;0;nan;0
127200;18.064;1639.54;2.05525;10.400;0;0;0;nan;0
127400;18.081;1640.33;2.05939;10.417;0;0;0;nan;0
127600;18.098;1640.33;2.06360;10.434;0;0;0;nan;0
127800;18.114;1641.63;2.06570;10.451;0;0;0;nan;0
128000;18.131;1642.34;2.07277;10.469;0;0;0;nan;0
128200;18.148;1643.06;2.07901;10.485;0;0;0;nan;0
128400;18.164;1644.21;2.08269;10.502;0;0;0;nan;0
128600;18.181;1644.06;2.08780;10.519;0;0;0;nan;0
128800;18.198;1644.42;2.09209;10.535;0;0;0;nan;0
129000;18.215;1645.00;2.09592;10.551;0;0;0;nan;0
129200;18.232;1644.93;2.10006;10.568;0;0;0;nan;0
129400;18.248;1646.08;2.10757;10.584;0;0;0;nan;0
129600;18.265;1646.87;2.11254;10.601;0;0;0;nan;0
129800;18.282;1646.08;2.11637;10.617;0;0;0;nan;0
130000;18.298;1647.29;2.12065;10.634;0;0;0;nan;0
130200;18.315;1648.16;2.12644;10.650;0;0;0;nan;0
130400;18.332;1647.94;2.13178;10.667;0;0;0;nan;0
130600;18.348;1648.44;2.13606;10.684;0;0;0;nan;0
130800;18.365;1650.31;2.14035;10.700;0;0;0;nan;0
131000;18.382;1648.59;2.14606;10.717;0;0;0;nan;0
131200;18.398;1650.89;2.15020;10.734;0;0;0;nan;0
131400;18.415;1650.67;2.15508;10.750;0;0;0;nan;0
131600;18.432;1649.66;2.15974;10.766;0;0;0;nan;0
131800;18.449;1652.03;2.16380;10.783;0;0;0;nan;0
132000;18.465;1652.53;2.17019;10.800;0;0;0;nan;0
132200;18.482;1653.04;2.17455;10.816;0;0;0;nan;0
132400;18.499;1653.75;2.17876;10.833;0;0;0;nan;0
132600;18.515;1652.10;2.18335;10.849;0;0;0;nan;0
132800;18.532;1654.04;2.18891;10.865;0;0;0;nan;0
133000;18.549;1654.68;2.19357;10.882;0;0;0;nan;0
133200;18.566;1654.54;2.19771;10.899;0;0;0;nan;0
133400;18.582;1654.11;2.20169;10.916;0;0;0;nan;0
133600;18.599;1656.26;2.20733;10.934;0;0;0;nan;0
133800;18.616;1656.41;2.21222;10.950;0;0;0;nan;0
134000;18.633;1656.77;2.21748;10.967;0;0;0;nan;0
134200;18.649;1657.63;2.22244;10.984;0;0;0;nan;0
134400;18.666;1657.70;2.22710;11.000;0;0;0;nan;0
134600;18.683;1658.92;2.23169;11.017;0;0;0;nan;0
134800;18.699;1656.62;2.23755;11.033;0;0;0;nan;0
135000;18.716;1656.34;2.24266;11.050;0;0;0;nan;0
135200;18.733;1660.14;2.24702;11.066;0;0;0;nan;0
135400;18.749;1659.92;2.24988;11.083;0;0;0;nan;0
135600;18.766;1660.43;2.25416;11.099;0;0;0;nan;0
135800;18.783;1660.43;2.26145;11.115;0;0;0;nan;0
136000;18.800;1661.58;2.26702;11.132;0;0;0;nan;0
136200;18.816;1661.36;2.27220;11.149;0;0;0;nan;0
136400;18.833;1661.29;2.27634;11.165;0;0;0;nan;0
136600;18.850;1662.43;2.28070;11.182;0;0;0;nan;0
136800;18.866;1664.30;2.28521;11.198;0;0;0;nan;0
137000;18.883;1662.87;2.28987;11.214;0;0;0;nan;0
137200;18.900;1662.94;2.29611;11.231;0;0;0;nan;0
137400;18.916;1663.80;2.30055;11.248;0;0;0;nan;0
137600;18.933;1665.95;2.30603;11.264;0;0;0;nan;0
137800;18.950;1665.81;2.31167;11.281;0;0;0;nan;0
138000;18.967;1664.66;2.31423;11.297;0;0;0;nan;0
138200;18.983;1666.96;2.31866;11.314;0;0;0;nan;0
138400;19.000;1665.67;2.32686;11.331;0;0;0;nan;0
138600;19.017;1666.74;2.33031;11.348;0;0;0;nan;0
138800;19.033;1667.10;2.33497;11.365;0;0;0;nan;0
139000;19.050;1668.82;2.34204;11.382;0;0;0;nan;0
139200;19.067;1666.10;2.34490;11.399;0;0;0;nan;0
139400;19.084;1667.46;2.34888;11.416;0;0;0;nan;0
139600;19.100;1670.55;2.35460;11.433;0;0;0;nan;0
139800;19.117;1669.97;2.36068;11.450;0;0;0;nan;0
140000;19.134;1671.27;2.36384;11.468;0;0;0;nan;0
140200;19.151;1669.83;2.36986;11.485;0;0;0;nan;0
140400;19.167;1670.76;2.37422;11.501;0;0;0;nan;0
140600;19.184;1670.69;2.38113;11.518;0;0;0;nan;0
140800;19.201;1670.12;2.38647;11.534;0;0;0;nan;0
141000;19.218;1670.40;2.39248;11.551;0;0;0;nan;0
141200;19.234;1670.33;2.39564;11.567;0;0;0;nan;0
141400;19.251;1671.63;2.40180;11.584;0;0;0;nan;0
141600;19.268;1670.12;2.40391;11.601;0;0;0;nan;0
141800;19.284;1671.91;2.41120;11.617;0;0;0;nan;0
142000;19.301;1672.63;2.41579;11.634;0;0;0;nan;0
142200;19.318;1672.70;2.41909;11.650;0;0;0;nan;0
142400;19.334;1673.78;2.42458;11.666;0;0;0;nan;0
142600;19.351;1673.78;2.43127;11.683;0;0;0;nan;0
142800;19.368;1674.21;2.43646;11.700;0;0;0;nan;0
143000;19.385;1676.14;2.44180;11.717;0;0;0;nan;0
143200;19.401;1676.50;2.44480;11.733;0;0;0;nan;0
143400;19.418;1677.58;2.45052;11.750;0;0;0;nan;0
143600;19.435;1676.29;2.45600;11.766;0;0;0;nan;0
143800;19.452;1675.86;2.45961;11.782;0;0;0;nan;0
144000;19.469;1677.22;2.46548;11.799;0;0;0;nan;0
144200;19.485;1677.51;2.46848;11.815;0;0;0;nan;0
144400;19.502;1679.30;2.47735;11.832;0;0;0;nan;0
144600;19.519;1679.38;2.48074;11.848;0;0;0;nan;0
144800;19.535;1677.65;2.48592;11.864;0;0;0;nan;0
145000;19.552;1676.93;2.49013;11.881;0;0;0;nan;0
145200;19.569;1679.59;2.49615;11.896;0;0;0;nan;0
145400;19.585;1680.59;2.49945;11.913;0;0;0;nan;0
145600;19.602;1679.02;2.50434;11.930;0;0;0;nan;0
145800;19.619;1679.08;2.51088;11.946;0;0;0;nan;0
146000;19.635;1680.09;2.51607;11.963;0;0;0;nan;0
146200;19.652;1680.02;2.52080;11.980;0;0;0;nan;0
146400;19.669;1679.23;2.52479;11.997;0;0;0;nan;0
146600;19.686;1682.68;2.53155;12.013;0;0;0;nan;0
146800;19.702;1680.31;2.53539;12.030;0;0;0;nan;0
147000;19.719;1683.17;2.54215;12.046;0;0;0;nan;0
147200;19.736;1683.04;2.54471;12.063;0;0;0;nan;0
147400;19.752;1680.59;2.55193;12.079;0;0;0;nan;0
147600;19.769;1682.68;2.55478;12.095;0;0;0;nan;0
147800;19.786;1683.25;2.56343;12.112;0;0;0;nan;0
148000;19.803;1682.68;2.56531;12.129;0;0;0;nan;0
148200;19.819;1684.18;2.57433;12.146;0;0;0;nan;0
148400;19.836;1684.18;2.57681;12.162;0;0;0;nan;0
148600;19.853;1683.89;2.58290;12.179;0;0;0;nan;0
148800;19.870;1684.47;2.58673;12.195;0;0;0;nan;0
149000;19.887;1683.97;2.59260;12.212;0;0;0;nan;0
149200;19.904;1686.12;2.59778;12.229;0;0;0;nan;0
149400;19.920;1683.32;2.60289;12.246;0;0;0;nan;0
149600;19.937;1685.90;2.60966;12.262;0;0;0;nan;0
149800;19.954;1687.05;2.61575;12.279;0;0;0;nan;0
150000;19.971;1687.20;2.61815;12.295;0;0;0;nan;0
150200;19.987;1687.05;2.62552;12.312;0;0;0;nan;0
150400;20.004;1686.98;2.62785;12.328;0;0;0;nan;0
150600;20.021;1686.62;2.63454;12.345;0;0;0;nan;0
150800;20.037;1685.76;2.63830;12.362;0;0;0;nan;0
151000;20.054;1684.98;2.64424;12.378;0;0;0;nan;0
151200;20.071;1688.77;2.64973;12.395;0;0;0;nan;0
151400;20.087;1685.83;2.65401;12.412;0;0;0;nan;0
151600;20.104;1687.13;2.65882;12.429;0;0;0;nan;0
151800;20.121;1688.70;2.66506;12.446;0;0;0;nan;0
152000;20.137;1687.92;2.66830;12.463;0;0;0;nan;0
152200;20.154;1690.07;2.67469;12.480;0;0;0;nan;0
152400;20.171;1690.14;2.67905;12.496;0;0;0;nan;0
152600;20.188;1688.99;2.68408;12.513;0;0;0;nan;0
152800;20.204;1691.86;2.68897;12.530;0;0;0;nan;0
153000;20.221;1690.14;2.69634;12.546;0;0;0;nan;0
153200;20.238;1690.93;2.70130;12.562;0;0;0;nan;0
153400;20.255;1691.22;2.70596;12.580;0;0;0;nan;0
153600;20.271;1691.22;2.71002;12.596;0;0;0;nan;0
153800;20.288;1691.29;2.71663;12.611;0;0;0;nan;0
154000;20.305;1691.94;2.72092;12.628;0;0;0;nan;0
154200;20.321;1693.01;2.72798;12.645;0;0;0;nan;0
154400;20.338;1691.79;2.73182;12.661;0;0;0;nan;0
154600;20.355;1695.02;2.73896;12.678;0;0;0;nan;0
154800;20.371;1695.31;2.74279;12.694;0;0;0;nan;0
155000;20.388;1693.22;2.74858;12.711;0;0;0;nan;0
155200;20.405;1695.31;2.75317;12.728;0;0;0;nan;0
155400;20.422;1695.59;2.75933;12.744;0;0;0;nan;0
155600;20.438;1692.43;2.76339;12.761;0;0;0;nan;0
155800;20.455;1693.37;2.76783;12.777;0;0;0;nan;0
156000;20.472;1695.67;2.77534;12.794;0;0;0;nan;0
156200;20.489;1694.45;2.77722;12.810;0;0;0;nan;0
156400;20.506;1694.80;2.78339;12.827;0;0;0;nan;0
156600;20.522;1697.10;2.79000;12.844;0;0;0;nan;0
156800;20.539;1693.94;2.79534;12.862;0;0;0;nan;0
157000;20.556;1696.96;2.80210;12.878;0;0;0;nan;0
157200;20.572;1695.02;2.80677;12.896;0;0;0;nan;0
157400;20.589;1696.52;2.81188;12.912;0;0;0;nan;0
157600;20.606;1694.01;2.81706;12.930;0;0;0;nan;0
157800;20.623;1696.17;2.82285;12.947;0;0;0;nan;0
158000;20.639;1696.24;2.82466;12.964;0;0;0;nan;0
158200;20.656;1698.89;2.83338;12.981;0;0;0;nan;0
158400;20.673;1697.53;2.83744;12.998;0;0;0;nan;0
158600;20.689;1698.75;2.84285;13.014;0;0;0;nan;0
158800;20.706;1697.39;2.84901;13.031;0;0;0;nan;0
159000;20.723;1698.75;2.85510;13.048;0;0;0;nan;0
159200;20.740;1698.32;2.86067;13.064;0;0;0;nan;0
159400;20.756;1698.39;2.86585;13.081;0;0;0;nan;0
159600;20.773;1699.47;2.86991;13.098;0;0;0;nan;0
159800;20.790;1701.41;2.87728;13.115;0;0;0;nan;0
160000;20.807;1697.53;2.88066;13.131;0;0;0;nan;0
160200;20.823;1698.46;2.88577;13.148;0;0;0;nan;0
160400;20.840;1698.39;2.89186;13.164;0;0;0;nan;0
160600;20.857;1699.90;2.89825;13.181;0;0;0;nan;0
160800;20.874;1696.74;2.90351;13.198;0;0;0;nan;0
161000;20.890;1699.54;2.90524;13.215;0;0;0;nan;0
161200;20.907;1699.11;2.91329;13.232;0;0;0;nan;0
161400;20.924;1701.12;2.91772;13.249;0;0;0;nan;0
161600;20.941;1701.62;2.92547;13.265;0;0;0;nan;0
161800;20.957;1700.18;2.92817;13.281;0;0;0;nan;0
162000;20.974;1701.84;2.93396;13.298;0;0;0;nan;0
162200;20.991;1702.05;2.93847;13.315;0;0;0;nan;0
162400;21.007;1701.12;2.94494;13.332;0;0;0;nan;0
162600;21.024;1701.55;2.94922;13.348;0;0;0;nan;0
162800;21.041;1701.84;2.95531;13.365;0;0;0;nan;0
163000;21.057;1700.91;2.95832;13.382;0;0;0;nan;0
163200;21.074;1704.35;2.96651;13.399;0;0;0;nan;0
163400;21.091;1701.69;2.97170;13.417;0;0;0;nan;0
163600;21.107;1701.76;2.97703;13.434;0;0;0;nan;0
163800;21.124;1702.27;2.98162;13.451;0;0;0;nan;0
164000;21.141;1701.48;2.98733;13.468;0;0;0;nan;0
164200;21.157;1703.78;2.99478;13.485;0;0;0;nan;0
164400;21.174;1702.34;2.99868;13.501;0;0;0;nan;0
164600;21.191;1704.06;3.00628;13.518;0;0;0;nan;0
164800;21.208;1702.48;3.00748;13.535;0;0;0;nan;0
165000;21.224;1704.21;3.01710;13.552;0;0;0;nan;0
165200;21.241;1704.27;3.02109;13.568;0;0;0;nan;0
165400;21.258;1706.72;3.02702;13.585;0;0;0;nan;0
165600;21.274;1704.13;3.03123;13.601;0;0;0;nan;0
165800;21.291;1704.21;3.03672;13.618;0;0;0;nan;0
166000;21.308;1704.49;3.04304;13.635;0;0;0;nan;0
166200;21.325;1703.63;3.04710;13.652;0;0;0;nan;0
166400;21.342;1704.42;3.05243;13.669;0;0;0;nan;0
166600;21.358;1704.21;3.05800;13.686;0;0;0;nan;0
166800;21.375;1705.93;3.06333;13.703;0;0;0;nan;0
167000;21.392;1704.78;3.06807;13.719;0;0;0;nan;0
167200;21.408;1706.79;3.07536;13.736;0;0;0;nan;0
167400;21.425;1703.06;3.08017;13.753;0;0;0;nan;0
167600;21.442;1705.06;3.08513;13.770;0;0;0;nan;0
167800;21.458;1706.14;3.09145;13.786;0;0;0;nan;0
168000;21.475;1707.65;3.09656;13.802;0;0;0;nan;0
168200;21.492;1707.57;3.10483;13.819;0;0;0;nan;0
168400;21.509;1704.57;3.11009;13.835;0;0;0;nan;0
168600;21.525;1707.72;3.11475;13.852;0;0;0;nan;0
168800;21.542;1709.30;3.11874;13.869;0;0;0;nan;0
169000;21.559;1706.21;3.12370;13.886;0;0;0;nan;0
169200;21.576;1705.72;3.13016;13.903;0;0;0;nan;0
169400;21.592;1707.22;3.13535;13.921;0;0;0;nan;0
169600;21.609;1708.58;3.14076;13.938;0;0;0;nan;0
169800;21.626;1707.44;3.14708;13.955;0;0;0;nan;0
170000;21.642;1707.36;3.14948;13.972;0;0;0;nan;0
170200;21.659;1708.44;3.15760;13.988;0;0;0;nan;0
170400;21.676;1709.02;3.16256;14.005;0;0;0;nan;0
170600;21.693;1708.66;3.16903;14.021;0;0;0;nan;0
170800;21.709;1710.02;3.17625;14.038;0;0;0;nan;0
171000;21.726;1708.44;3.17933;14.054;0;0;0;nan;0
171200;21.743;1708.87;3.18534;14.072;0;0;0;nan;0
171400;21.760;1706.57;3.18970;14.088;0;0;0;nan;0
171600;21.777;1706.36;3.19624;14.105;0;0;0;nan;0
171800;21.794;1708.01;3.20226;14.122;0;0;0;nan;0
172000;21.810;1708.72;3.20872;14.138;0;0;0;nan;0
172200;21.827;1709.73;3.21376;14.155;0;0;0;nan;0
172400;21.844;1710.81;3.21842;14.172;0;0;0;nan;0
172600;21.860;1709.80;3.22195;14.188;0;0;0;nan;0
172800;21.877;1711.45;3.22849;14.205;0;0;0;nan;0
173000;21.894;1710.95;3.23428;14.222;0;0;0;nan;0
173200;21.911;1709.51;3.24029;14.239;0;0;0;nan;0
173400;21.927;1711.31;3.24548;14.255;0;0;0;nan;0
173600;21.944;1709.51;3.25307;14.272;0;0;0;nan;0
173800;21.961;1709.16;3.25728;14.289;0;0;0;nan;0
174000;21.977;1710.23;3.26322;14.306;0;0;0;nan;0
174200;21.994;1713.32;3.26954;14.322;0;0;0;nan;0
174400;22.011;1712.24;3.27344;14.339;0;0;0;nan;0
174600;22.027;1710.95;3.28081;14.355;0;0;0;nan;0
174800;22.044;1712.60;3.28397;14.372;0;0;0;nan;0
175000;22.061;1711.74;3.28983;14.389;0;0;0;nan;0
175200;22.078;1711.17;3.29637;14.406;0;0;0;nan;0
175400;22.094;1711.89;3.30246;14.424;0;0;0;nan;0
175600;22.111;1711.67;3.30637;14.441;0;0;0;nan;0
175800;22.128;1712.32;3.31254;14.458;0;0;0;nan;0
176000;22.145;1710.38;3.31780;14.475;0;0;0;nan;0
176200;22.161;1711.96;3.32238;14.491;0;0;0;nan;0
176400;22.178;1712.96;3.32998;14.508;0;0;0;nan;0
176600;22.195;1711.24;3.33494;14.525;0;0;0;nan;0
176800;22.211;1712.46;3.34005;14.542;0;0;0;nan;0
177000;22.228;1713.53;3.34967;14.558;0;0;0;nan;0
177200;22.245;1712.46;3.35350;14.574;0;0;0;nan;0
177400;22.261;1714.40;3.35726;14.591;0;0;0;nan;0
177600;22.278;1712.46;3.36456;14.607;0;0;0;nan;0
177800;22.295;1714.75;3.36831;14.624;0;0;0;nan;0
178000;22.311;1712.32;3.37388;14.641;0;0;0;nan;0
178200;22.328;1711.02;3.37929;14.657;0;0;0;nan;0
178400;22.345;1713.89;3.38523;14.674;0;0;0;nan;0
178600;22.362;1713.96;3.39079;14.690;0;0;0;nan;0
178800;22.378;1712.38;3.39545;14.707;0;0;0;nan;0
179000;22.395;1713.32;3.40207;14.724;0;0;0;nan;0
179200;22.412;1714.61;3.40974;14.740;0;0;0;nan;0
179400;22.429;1712.38;3.41244;14.757;0;0;0;nan;0
179600;22.445;1712.60;3.41846;14.774;0;0;0;nan;0
179800;22.462;1712.10;3.42319;14.790;0;0;0;nan;0
180000;22.479;1713.82;3.42996;14.807;0;0;0;nan;0
180200;22.496;1712.81;3.43559;14.824;0;0;0;nan;0
180400;22.512;1714.97;3.44401;14.840;0;0;0;nan;0
180600;22.529;1713.61;3.44665;14.857;0;0;0;nan;0
180800;22.546;1713.68;3.45394;14.874;0;0;0;nan;0
181000;22.563;1714.11;3.45852;14.891;0;0;0;nan;0
181200;22.580;1716.12;3.46236;14.909;0;0;0;nan;0
181400;22.596;1714.40;3.47040;14.926;0;0;0;nan;0
181600;22.613;1715.11;3.47679;14.943;0;0;0;nan;0
181800;22.630;1714.68;3.48333;14.960;0;0;0;nan;0
182000;22.647;1713.82;3.48987;14.977;0;0;0;nan;0
182200;22.664;1713.47;3.49468;14.994;0;0;0;nan;0
182400;22.680;1714.75;3.50077;15.010;0;0;0;nan;0
182600;22.697;1713.89;3.50438;15.027;0;0;0;nan;0
182800;22.714;1715.04;3.51032;15.043;0;0;0;nan;0
183000;22.730;1716.19;3.51535;15.060;0;0;0;nan;0
183200;22.747;1713.11;3.52144;15.076;0;0;0;nan;0
183400;22.764;1714.32;3.52798;15.093;0;0;0;nan;0
183600;22.780;1714.90;3.53347;15.109;0;0;0;nan;0
183800;22.797;1715.19;3.53971;15.126;0;0;0;nan;0
184000;22.814;1712.89;3.54595;15.143;0;0;0;nan;0
184200;22.831;1714.75;3.55114;15.159;0;0;0;nan;0
184400;22.848;1716.12;3.55678;15.176;0;0;0;nan;0
184600;22.864;1715.19;3.56249;15.192;0;0;0;nan;0
184800;22.881;1712.17;3.56835;15.209;0;0;0;nan;0
185000;22.898;1714.90;3.57422;15.226;0;0;0;nan;0
185200;22.915;1716.47;3.57903;15.242;0;0;0;nan;0
185400;22.931;1714.97;3.58346;15.259;0;0;0;nan;0
185600;22.948;1714.97;3.59151;15.275;0;0;0;nan;0
185800;22.965;1714.54;3.59677;15.292;0;0;0;nan;0
186000;22.981;1714.97;3.60376;15.308;0;0;0;nan;0
186200;22.998;1716.26;3.60887;15.325;0;0;0;nan;0
186400;23.015;1715.83;3.61278;15.341;0;0;0;nan;0
186600;23.032;1716.19;3.61834;15.358;0;0;0;nan;0
186800;23.048;1714.83;3.62526;15.375;0;0;0;nan;0
187000;23.065;1714.97;3.63323;15.392;0;0;0;nan;0
187200;23.082;1716.91;3.63593;15.410;0;0;0;nan;0
187400;23.099;1715.98;3.64142;15.427;0;0;0;nan;0
187600;23.115;1715.40;3.64668;15.444;0;0;0;nan;0
187800;23.132;1716.47;3.65631;15.461;0;0;0;nan;0
188000;23.149;1714.83;3.65894;15.478;0;0;0;nan;0
188200;23.165;1716.62;3.66886;15.495;0;0;0;nan;0
188400;23.182;1716.19;3.67262;15.512;0;0;0;nan;0
188600;23.199;1717.05;3.67765;15.528;0;0;0;nan;0
188800;23.216;1717.55;3.68555;15.545;0;0;0;nan;0
189000;23.232;1714.90;3.68893;15.562;0;0;0;nan;0
189200;23.249;1715.90;3.69600;15.578;0;0;0;nan;0
189400;23.266;1715.40;3.70051;15.595;0;0;0;nan;0
189600;23.283;1716.19;3.70554;15.612;0;0;0;nan;0
189800;23.299;1715.62;3.71103;15.628;0;0;0;nan;0
190000;23.316;1716.33;3.71923;15.645;0;0;0;nan;0
190200;23.333;1715.62;3.72389;15.661;0;0;0;nan;0
190400;23.350;1716.05;3.73073;15.678;0;0;0;nan;0
190600;23.366;1716.83;3.73606;15.694;0;0;0;nan;0
190800;23.383;1715.26;3.74283;15.711;0;0;0;nan;0
191000;23.400;1715.40;3.74501;15.728;0;0;0;nan;0
191200;23.417;1715.40;3.75366;15.744;0;0;0;nan;0
191400;23.433;1715.90;3.75824;15.760;0;0;0;nan;0
191600;23.450;1717.77;3.76613;15.777;0;0;0;nan;0
191800;23.467;1717.34;3.76974;15.794;0;0;0;nan;0
192000;23.484;1716.77;3.77538;15.810;0;0;0;nan;0
192200;23.500;1716.12;3.78267;15.827;0;0;0;nan;0
192400;23.517;1716.55;3.78936;15.843;0;0;0;nan;0
192600;23.534;1716.55;3.79350;15.860;0;0;0;nan;0
192800;23.550;1716.98;3.79921;15.876;0;0;0;nan;0
193000;23.567;1718.77;3.80665;15.892;0;0;0;nan;0
193200;23.584;1717.13;3.81064;15.909;0;0;0;nan;0
193400;23.601;1718.77;3.81891;15.926;0;0;0;nan;0
193600;23.617;1717.92;3.82229;15.943;0;0;0;nan;0
193800;23.634;1717.19;3.82905;15.960;0;0;0;nan;0
194000;23.651;1716.69;3.83492;15.977;0;0;0;nan;0
194200;23.668;1718.27;3.84033;15.993;0;0;0;nan;0
194400;23.684;1718.27;3.84657;16.009;0;0;0;nan;0
194600;23.701;1717.98;3.85228;16.025;0;0;0;nan;0
194800;23.718;1717.77;3.85792;16.042;0;0;0;nan;0
195000;23.735;1718.77;3.86559;16.059;0;0;0;nan;0
195200;23.751;1716.05;3.87017;16.075;0;0;0;nan;0
195400;23.768;1716.33;3.87559;16.092;0;0;0;nan;0
195600;23.785;1717.55;3.88273;16.108;0;0;0;nan;0
195800;23.801;1717.48;3.89032;16.125;0;0;0;nan;0
196000;23.818;1716.83;3.89340;16.142;0;0;0;nan;0
196200;23.835;1718.49;3.90055;16.158;0;0;0;nan;0
196400;23.852;1718.63;3.90754;16.175;0;0;0;nan;0
196600;23.868;1717.26;3.91107;16.191;0;0;0;nan;0
196800;23.885;1717.26;3.91836;16.208;0;0;0;nan;0
197000;23.902;1717.55;3.92280;16.224;0;0;0;nan;0
197200;23.919;1717.48;3.92941;16.241;0;0;0;nan;0
197400;23.935;1717.13;3.93497;16.257;0;0;0;nan;0
197600;23.952;1718.63;3.94197;16.274;0;0;0;nan;0
197800;23.969;1717.34;3.94670;16.290;0;0;0;nan;0
198000;23.985;1717.70;3.95452;16.307;0;0;0;nan;0
198200;24.002;1718.34;3.95956;16.323;0;0;0;nan;0
198400;24.019;1718.20;3.96354;16.340;0;0;0;nan;0
198600;24.035;1716.62;3.96940;16.356;0;0;0;nan;0
198800;24.052;1717.05;3.97790;16.373;0;0;0;nan;0
199000;24.069;1718.56;3.98436;16.390;0;0;0;nan;0
199200;24.086;1715.33;3.98647;16.407;0;0;0;nan;0
199400;24.102;1719.56;3.99474;16.424;0;0;0;nan;0
199600;24.119;1715.90;4.00203;16.441;0;0;0;nan;0
199800;24.136;1719.13;4.00654;16.458;0;0;0;nan;0
200000;24.152;1720.14;4.01210;16.475;0;0;0;nan;0
200200;24.169;1718.41;4.01917;16.491;0;0;0;nan;0
200400;24.186;1718.92;4.02338;16.508;0;0;0;nan;0
200600;24.203;1719.49;4.03217;16.524;0;0;0;nan;0
200800;24.219;1718.13;4.03518;16.540;0;0;0;nan;0
201000;24.236;1718.99;4.04292;16.556;0;0;0;nan;0
201200;24.253;1719.13;4.04774;16.573;0;0;0;nan;0
201400;24.270;1715.69;4.05420;16.589;0;0;0;nan;0
201600;24.286;1718.92;4.06269;16.606;0;0;0;nan;0
201800;24.303;1718.63;4.06608;16.622;0;0;0;nan;0
202000;24.320;1716.33;4.07314;16.639;0;0;0;nan;0
202200;24.336;1718.34;4.07773;16.656;0;0;0;nan;0
202400;24.353;1718.92;4.08547;16.672;0;0;0;nan;0
202600;24.370;1719.06;4.09028;16.688;0;0;0;nan;0
202800;24.387;1718.92;4.09494;16.705;0;0;0;nan;0
203000;24.403;1718.13;4.10118;16.722;0;0;0;nan;0
203200;24.420;1718.56;4.10802;16.738;0;0;0;nan;0
203400;24.437;1717.34;4.11434;16.755;0;0;0;nan;0
203600;24.453;1718.05;4.11968;16.771;0;0;0;nan;0
203800;24.470;1717.48;4.12825;16.788;0;0;0;nan;0
204000;24.487;1718.63;4.13276;16.804;0;0;0;nan;0
204200;24.504;1719.28;4.13922;16.821;0;0;0;nan;0
204400;24.520;1719.42;4.14516;16.837;0;0;0;nan;0
204600;24.537;1719.28;4.15148;16.854;0;0;0;nan;0
204800;24.554;1719.92;4.15696;16.870;0;0;0;nan;0
205000;24.571;1717.55;4.16538;16.887;0;0;0;nan;0
205200;24.587;1719.20;4.17027;16.904;0;0;0;nan;0
205400;24.604;1718.20;4.17636;16.921;0;0;0;nan;0
205600;24.621;1717.84;4.18094;16.938;0;0;0;nan;0
205800;24.637;1717.55;4.18906;16.955;0;0;0;nan;0
206000;24.654;1718.13;4.19297;16.971;0;0;0;nan;0
206200;24.671;1719.56;4.19868;16.989;0;0;0;nan;0
206400;24.688;1716.33;4.20560;17.005;0;0;0;nan;0
206600;24.704;1719.77;4.21094;17.021;0;0;0;nan;0
206800;24.721;1718.13;4.21650;17.038;0;0;0;nan;0
207000;24.738;1719.06;4.22364;17.054;0;0;0;nan;0
207200;24.754;1718.41;4.23071;17.071;0;0;0;nan;0
207400;24.771;1719.35;4.23605;17.087;0;0;0;nan;0
207600;24.788;1717.34;4.24251;17.104;0;0;0;nan;0
207800;24.804;1717.55;4.24815;17.120;0;0;0;nan;0
208000;24.821;1716.83;4.25334;17.137;0;0;0;nan;0
208200;24.838;1717.41;4.26288;17.153;0;0;0;nan;0
208400;24.855;1718.34;4.26694;17.170;0;0;0;nan;0
208600;24.872;1717.13;4.27371;17.186;0;0;0;nan;0
208800;24.888;1719.49;4.27987;17.204;0;0;0;nan;0
209000;24.905;1717.62;4.28596;17.220;0;0;0;nan;0
209200;24.922;1718.92;4.29265;17.237;0;0;0;nan;0
209400;24.939;1715.47;4.29776;17.253;0;0;0;nan;0
209600;24.955;1718.13;4.30363;17.270;0;0;0;nan;0
209800;24.972;1717.26;4.31152;17.286;0;0;0;nan;0
210000;24.989;1720.28;4.31866;17.303;0;0;0;nan;0
210200;25.006;1717.19;4.32227;17.320;0;0;0;nan;0
210400;25.022;1717.48;4.33001;17.337;0;0;0;nan;0
210600;25.039;1719.99;4.33595;17.354;0;0;0;nan;0
210800;25.056;1719.28;4.34189;17.370;0;0;0;nan;0
211000;25.072;1717.19;4.34851;17.387;0;0;0;nan;0
211200;25.089;1717.77;4.35279;17.405;0;0;0;nan;0
211400;25.106;1718.99;4.36068;17.422;0;0;0;nan;0
211600;25.123;1718.13;4.36632;17.438;0;0;0;nan;0
211800;25.139;1717.34;4.37136;17.456;0;0;0;nan;0
212000;25.156;1717.55;4.37933;17.473;0;0;0;nan;0
212200;25.173;1717.26;4.38399;17.489;0;0;0;nan;0
212400;25.189;1718.41;4.39053;17.506;0;0;0;nan;0
212600;25.206;1719.42;4.39714;17.523;0;0;0;nan;0
212800;25.223;1716.77;4.40271;17.540;0;0;0;nan;0
213000;25.240;1718.27;4.40864;17.556;0;0;0;nan;0
213200;25.256;1717.77;4.41571;17.573;0;0;0;nan;0
213400;25.273;1717.05;4.42030;17.589;0;0;0;nan;0
213600;25.290;1716.69;4.42766;17.606;0;0;0;nan;0
213800;25.306;1717.26;4.43405;17.623;0;0;0;nan;0
214000;25.323;1717.19;4.44165;17.639;0;0;0;nan;0
214200;25.340;1717.41;4.44796;17.656;0;0;0;nan;0
214400;25.357;1716.19;4.45390;17.672;0;0;0;nan;0
214600;25.374;1717.05;4.45999;17.689;0;0;0;nan;0
214800;25.390;1717.34;4.46713;17.706;0;0;0;nan;0
215000;25.407;1718.27;4.47292;17.722;0;0;0;nan;0
215200;25.424;1716.77;4.47833;17.740;0;0;0;nan;0
215400;25.441;1717.98;4.48472;17.756;0;0;0;nan;0
215600;25.457;1718.13;4.49081;17.773;0;0;0;nan;0
215800;25.474;1717.62;4.49795;17.789;0;0;0;nan;0
216000;25.491;1717.34;4.50374;17.805;0;0;0;nan;0
216200;25.508;1718.20;4.51208;17.822;0;0;0;nan;0
216400;25.524;1717.19;4.51832;17.839;0;0;0;nan;0
216600;25.541;1718.63;4.52389;17.856;0;0;0;nan;0
216800;25.558;1719.35;4.52727;17.871;0;0;0;nan;0
217000;25.574;1717.41;4.53501;17.888;0;0;0;nan;0
217200;25.591;1718.85;4.53772;17.905;0;0;0;nan;0
217400;25.608;1717.70;4.54794;17.923;0;0;0;nan;0
217600;25.625;1717.13;4.55463;17.940;0;0;0;nan;0
217800;25.642;1717.05;4.55914;17.957;0;0;0;nan;0
218000;25.658;1716.77;4.56786;17.974;0;0;0;nan;0
218200;25.675;1717.26;4.57282;17.990;0;0;0;nan;0
218400;25.692;1716.55;4.57921;18.007;0;0;0;nan;0
218600;25.709;1717.34;4.58470;18.023;0;0;0;nan;0
218800;25.725;1717.62;4.59357;18.040;0;0;0;nan;0
219000;25.742;1716.12;4.59899;18.057;0;0;0;nan;0
219200;25.759;1717.05;4.60357;18.073;0;0;0;nan;0
219400;25.775;1716.83;4.61214;18.090;0;0;0;nan;0
219600;25.792;1717.05;4.61943;18.107;0;0;0;nan;0
219800;25.809;1716.91;4.62304;18.123;0;0;0;nan;0
220000;25.825;1716.47;4.63191;18.140;0;0;0;nan;0
220200;25.842;1716.69;4.63469;18.157;0;0;0;nan;0
220400;25.859;1715.98;4.64349;18.174;0;0;0;nan;0
220600;25.876;1717.05;4.65033;18.190;0;0;0;nan;0
220800;25.892;1716.83;4.65431;18.207;0;0;0;nan;0
221000;25.909;1715.90;4.66160;18.223;0;0;0;nan;0
221200;25.926;1716.98;4.66702;18.240;0;0;0;nan;0
221400;25.943;1715.26;4.67348;18.257;0;0;0;nan;0
221600;25.959;1717.19;4.68115;18.273;0;0;0;nan;0
221800;25.976;1714.75;4.68852;18.290;0;0;0;nan;0
222000;25.993;1716.69;4.69521;18.306;0;0;0;nan;0
222200;26.009;1714.90;4.70024;18.323;0;0;0;nan;0
222400;26.026;1716.12;4.70393;18.340;0;0;0;nan;0
222600;26.043;1716.55;4.71250;18.357;0;0;0;nan;0
222800;26.060;1717.26;4.71941;18.374;0;0;0;nan;0
223000;26.076;1715.47;4.72520;18.391;0;0;0;nan;0
223200;26.093;1714.90;4.73159;18.408;0;0;0;nan;0
223400;26.110;1715.19;4.73873;18.425;0;0;0;nan;0
223600;26.127;1715.98;4.74475;18.442;0;0;0;nan;0
223800;26.143;1717.13;4.75219;18.459;0;0;0;nan;0
224000;26.160;1713.75;4.75775;18.477;0;0;0;nan;0
224200;26.177;1716.12;4.76294;18.494;0;0;0;nan;0
224400;26.194;1715.54;4.77098;18.510;0;0;0;nan;0
224600;26.210;1717.62;4.77692;18.527;0;0;0;nan;0
224800;26.227;1715.62;4.78301;18.543;0;0;0;nan;0
225000;26.244;1715.26;4.79151;18.560;0;0;0;nan;0
225200;26.260;1714.75;4.79587;18.577;0;0;0;nan;0
225400;26.277;1715.62;4.80428;18.594;0;0;0;nan;0
225600;26.294;1717.34;4.80977;18.610;0;0;0;nan;0
225800;26.311;1716.62;4.81609;18.627;0;0;0;nan;0
226000;26.327;1715.62;4.82157;18.644;0;0;0;nan;0
226200;26.344;1716.62;4.82827;18.660;0;0;0;nan;0
226400;26.361;1716.19;4.83398;18.677;0;0;0;nan;0
226600;26.377;1715.04;4.84007;18.694;0;0;0;nan;0
226800;26.394;1715.26;4.84992;18.710;0;0;0;nan;0
227000;26.411;1716.69;4.85420;18.727;0;0;0;nan;0
227200;26.428;1717.77;4.86044;18.744;0;0;0;nan;0
227400;26.444;1713.32;4.86743;18.760;0;0;0;nan;0
227600;26.461;1716.47;4.87397;18.777;0;0;0;nan;0
227800;26.478;1714.61;4.88059;18.794;0;0;0;nan;0
228000;26.495;1715.19;4.88555;18.811;0;0;0;nan;0
228200;26.512;1714.40;4.89344;18.828;0;0;0;nan;0
228400;26.528;1713.68;4.89953;18.844;0;0;0;nan;0
228600;26.545;1715.62;4.90742;18.861;0;0;0;nan;0
228800;26.562;1713.17;4.90990;18.878;0;0;0;nan;0
229000;26.579;1713.53;4.91998;18.896;0;0;0;nan;0
229200;26.595;1711.67;4.92434;18.913;0;0;0;nan;0
229400;26.612;1713.03;4.93231;18.929;0;0;0;nan;0
229600;26.629;1713.82;4.93937;18.946;0;0;0;nan;0
229800;26.646;1714.47;4.94463;18.963;0;0;0;nan;0
230000;26.662;1715.04;4.95208;18.980;0;0;0;nan;0
230200;26.679;1714.61;4.95584;18.997;0;0;0;nan;0
230400;26.696;1713.75;4.96425;19.013;0;0;0;nan;0
230600;26.713;1715.40;4.97170;19.030;0;0;0;nan;0
230800;26.730;1713.11;4.97786;19.047;0;0;0;nan;0
231000;26.746;1714.83;4.98455;19.063;0;0;0;nan;0
231200;26.763;1712.32;4.99177;19.080;0;0;0;nan;0
231400;26.780;1714.75;4.99959;19.097;0;0;0;nan;0
231600;26.796;1714.25;5.00507;19.113;0;0;0;nan;0
231800;26.813;1713.03;5.01109;19.130;0;0;0;nan;0
232000;26.830;1711.89;5.01560;19.147;0;0;0;nan;0
232200;26.847;1713.47;5.02334;19.163;0;0;0;nan;0
232400;26.863;1712.46;5.03041;19.180;0;0;0;nan;0
232600;26.880;1714.83;5.03537;19.197;0;0;0;nan;0
232800;26.897;1713.82;5.04439;19.214;0;0;0;nan;0
233000;26.914;1712.53;5.04860;19.231;0;0;0;nan;0
233200;26.931;1714.54;5.05574;19.247;0;0;0;nan;0
233400;26.948;1713.03;5.06160;19.264;0;0;0;nan;0
233600;26.964;1713.89;5.06679;19.281;0;0;0;nan;0
233800;26.981;1715.54;5.07649;19.297;0;0;0;nan;0
234000;26.998;1712.89;5.08123;19.314;0;0;0;nan;0
234200;27.014;1712.24;5.08949;19.331;0;0;0;nan;0
234400;27.031;1711.53;5.09528;19.348;0;0;0;nan;0
234600;27.048;1712.74;5.10212;19.365;0;0;0;nan;0
234800;27.064;1712.53;5.10881;19.382;0;0;0;nan;0
235000;27.081;1710.45;5.11445;19.399;0;0;0;nan;0
235200;27.098;1711.09;5.12227;19.416;0;0;0;nan;0
235400;27.114;1712.53;5.12919;19.434;0;0;0;nan;0
235600;27.131;1711.96;5.13355;19.451;0;0;0;nan;0
235800;27.148;1711.74;5.14099;19.468;0;0;0;nan;0
236000;27.165;1711.31;5.14881;19.485;0;0;0;nan;0
236200;27.181;1713.32;5.15444;19.502;0;0;0;nan;0
236400;27.198;1710.81;5.16196;19.519;0;0;0;nan;0
236600;27.215;1712.60;5.16783;19.536;0;0;0;nan;0
236800;27.231;1712.02;5.17346;19.552;0;0;0;nan;0
237000;27.248;1711.67;5.18030;19.569;0;0;0;nan;0
237200;27.265;1712.68;5.18760;19.586;0;0;0;nan;0
237400;27.282;1711.09;5.19429;19.603;0;0;0;nan;0
237600;27.298;1711.09;5.20150;19.620;0;0;0;nan;0
237800;27.315;1711.24;5.20601;19.636;0;0;0;nan;0
238000;27.332;1711.09;5.21458;19.653;0;0;0;nan;0
238200;27.349;1710.38;5.22015;19.670;0;0;0;nan;0
238400;27.365;1711.17;5.22804;19.687;0;0;0;nan;0
238600;27.382;1712.60;5.23481;19.704;0;0;0;nan;0
238800;27.399;1712.10;5.24187;19.720;0;0;0;nan;0
239000;27.416;1710.45;5.24728;19.737;0;0;0;nan;0
239200;27.432;1712.32;5.25337;19.753;0;0;0;nan;0
239400;27.449;1712.46;5.26021;19.770;0;0;0;nan;0
239600;27.466;1710.38;5.26645;19.786;0;0;0;nan;0
239800;27.482;1710.81;5.27277;19.802;0;0;0;nan;0
240000;27.499;1712.02;5.28051;19.820;0;0;0;nan;0
240200;27.516;1710.95;5.28630;19.835;0;0;0;nan;0
240400;27.532;1707.72;5.29307;19.852;0;0;0;nan;0
240600;27.549;1710.02;5.29961;19.869;0;0;0;nan;0
240800;27.566;1710.02;5.30517;19.886;0;0;0;nan;0
241000;27.583;1711.67;5.31231;19.903;0;0;0;nan;0
241200;27.599;1710.09;5.31975;19.920;0;0;0;nan;0
241400;27.616;1710.95;5.32802;19.937;0;0;0;nan;0
241600;27.633;1710.02;5.33201;19.953;0;0;0;nan;0
241800;27.649;1709.16;5.33809;19.970;0;0;0;nan;0
242000;27.666;1709.02;5.34794;19.987;0;0;0;nan;0
242200;27.683;1709.66;5.35358;20.003;0;0;0;nan;0
242400;27.699;1710.66;5.36027;20.020;0;0;0;nan;0
242600;27.716;1708.51;5.36659;20.037;0;0;0;nan;0
242800;27.733;1711.31;5.37222;20.053;0;0;0;nan;0
243000;27.749;1709.16;5.37846;20.070;0;0;0;nan;0
243200;27.766;1708.30;5.38538;20.086;0;0;0;nan;0
243400;27.783;1709.23;5.39237;20.103;0;0;0;nan;0
243600;27.800;1710.38;5.40004;20.120;0;0;0;nan;0
243800;27.816;1708.51;5.40673;20.136;0;0;0;nan;0
244000;27.833;1708.80;5.41214;20.153;0;0;0;nan;0
244200;27.850;1707.87;5.41936;20.170;0;0;0;nan;0
244400;27.867;1709.80;5.42725;20.186;0;0;0;nan;0
244600;27.883;1706.79;5.43251;20.203;0;0;0;nan;0
244800;27.900;1708.58;5.43898;20.219;0;0;0;nan;0
245000;27.917;1706.72;5.44732;20.236;0;0;0;nan;0
245200;27.933;1706.57;5.45356;20.253;0;0;0;nan;0
245400;27.950;1708.30;5.45807;20.269;0;0;0;nan;0
245600;27.967;1708.15;5.46251;20.286;0;0;0;nan;0
245800;27.983;1708.66;5.47371;20.302;0;0;0;nan;0
246000;28.000;1706.79;5.47897;20.319;0;0;0;nan;0
246200;28.017;1709.08;5.48536;20.335;0;0;0;nan;0
246400;28.033;1704.27;5.49355;20.352;0;0;0;nan;0
246600;28.050;1708.37;5.50100;20.369;0;0;0;nan;0
246800;28.067;1708.51;5.50746;20.386;0;0;0;nan;0
247000;28.083;1709.44;5.51332;20.403;0;0;0;nan;0
247200;28.100;1706.86;5.51926;20.419;0;0;0;nan;0
247400;28.117;1708.15;5.52716;20.436;0;0;0;nan;0
247600;28.134;1706.00;5.53340;20.453;0;0;0;nan;0
247800;28.150;1707.00;5.53888;20.470;0;0;0;nan;0
248000;28.167;1709.08;5.54911;20.487;0;0;0;nan;0
248200;28.184;1709.30;5.55535;20.503;0;0;0;nan;0
248400;28.200;1708.30;5.56076;20.520;0;0;0;nan;0
248600;28.217;1707.51;5.56722;20.536;0;0;0;nan;0
248800;28.234;1706.72;5.57324;20.552;0;0;0;nan;0
249000;28.251;1708.72;5.58000;20.569;0;0;0;nan;0
249200;28.267;1706.29;5.58617;20.586;0;0;0;nan;0
249400;28.284;1708.51;5.59466;20.602;0;0;0;nan;0
249600;28.301;1707.93;5.60105;20.618;0;0;0;nan;0
249800;28.318;1706.00;5.60827;20.635;0;0;0;nan;0
250000;28.335;1708.08;5.61503;20.652;0;0;0;nan;0
250200;28.351;1706.21;5.62203;20.668;0;0;0;nan;0
250400;28.368;1705.57;5.63007;20.685;0;0;0;nan;0
250600;28.385;1705.14;5.63638;20.702;0;0;0;nan;0
250800;28.402;1704.63;5.64210;20.719;0;0;0;nan;0
251000;28.418;1704.42;5.64841;20.735;0;0;0;nan;0
251200;28.435;1709.95;5.65578;20.752;0;0;0;nan;0
251400;28.452;1704.93;5.66089;20.768;0;0;0;nan;0
251600;28.469;1706.43;5.67044;20.785;0;0;0;nan;0
251800;28.485;1706.29;5.67713;20.802;0;0;0;nan;0
252000;28.502;1704.57;5.68224;20.818;0;0;0;nan;0
252200;28.519;1706.29;5.69096;20.835;0;0;0;nan;0
252400;28.535;1706.43;5.69397;20.851;0;0;0;nan;0
252600;28.552;1705.85;5.70058;20.868;0;0;0;nan;0
252800;28.569;1706.65;5.70870;20.885;0;0;0;nan;0
253000;28.586;1705.14;5.71659;20.903;0;0;0;nan;0
253200;28.602;1704.78;5.72291;20.920;0;0;0;nan;0
253400;28.619;1705.72;5.72907;20.937;0;0;0;nan;0
253600;28.636;1705.42;5.73787;20.953;0;0;0;nan;0
253800;28.652;1703.42;5.74336;20.970;0;0;0;nan;0
254000;28.669;1705.57;5.75087;20.987;0;0;0;nan;0
254200;28.686;1703.92;5.75839;21.003;0;0;0;nan;0
254400;28.702;1703.78;5.76501;21.020;0;0;0;nan;0
254600;28.719;1705.28;5.77170;21.036;0;0;0;nan;0
254800;28.736;1704.35;5.77523;21.053;0;0;0;nan;0
255000;28.753;1704.93;5.78560;21.070;0;0;0;nan;0
255200;28.769;1705.64;5.79312;21.086;0;0;0;nan;0
255400;28.786;1703.99;5.79748;21.103;0;0;0;nan;0
255600;28.803;1704.99;5.80680;21.119;0;0;0;nan;0
255800;28.819;1703.34;5.81349;21.136;0;0;0;nan;0
256000;28.836;1704.21;5.82003;21.152;0;0;0;nan;0
256200;28.853;1705.28;5.82778;21.169;0;0;0;nan;0
256400;28.869;1704.42;5.83499;21.185;0;0;0;nan;0
256600;28.886;1703.78;5.84041;21.202;0;0;0;nan;0
256800;28.903;1704.63;5.84837;21.219;0;0;0;nan;0
257000;28.920;1704.49;5.85311;21.235;0;0;0;nan;0
257200;28.937;1703.92;5.86258;21.251;0;0;0;nan;0
257400;28.953;1705.06;5.86664;21.268;0;0;0;nan;0
257600;28.970;1703.20;5.87423;21.284;0;0;0;nan;0
257800;28.987;1703.78;5.88228;21.301;0;0;0;nan;0
258000;29.004;1703.92;5.89092;21.317;0;0;0;nan;0
258200;29.020;1704.27;5.89551;21.334;0;0;0;nan;0
258400;29.037;1704.99;5.90310;21.351;0;0;0;nan;0
258600;29.054;1704.99;5.91077;21.368;0;0;0;nan;0
258800;29.070;1703.13;5.91753;21.384;0;0;0;nan;0
259000;29.087;1701.84;5.92340;21.401;0;0;0;nan;0
259200;29.104;1703.13;5.93204;21.418;0;0;0;nan;0
259400;29.121;1703.27;5.93776;21.435;0;0;0;nan;0
259600;29.137;1702.99;5.94430;21.452;0;0;0;nan;0
259800;29.154;1703.85;5.95159;21.469;0;0;0;nan;0
260000;29.171;1702.70;5.95911;21.486;0;0;0;nan;0
260200;29.188;1700.97;5.96700;21.502;0;0;0;nan;0
260400;29.204;1701.55;5.97256;21.518;0;0;0;nan;0
260600;29.221;1701.41;5.98158;21.535;0;0;0;nan;0
260800;29.238;1701.19;5.98692;21.551;0;0;0;nan;0
261000;29.254;1702.27;5.99414;21.568;0;0;0;nan;0
261200;29.271;1702.27;6.00030;21.585;0;0;0;nan;0
261400;29.288;1704.42;6.01007;21.602;0;0;0;nan;0
261600;29.305;1700.40;6.01413;21.618;0;0;0;nan;0
261800;29.321;1698.82;6.02270;21.634;0;0;0;nan;0
262000;29.338;1702.41;6.02781;21.651;0;0;0;nan;0
262200;29.355;1703.85;6.03932;21.667;0;0;0;nan;0
262400;29.371;1700.26;6.04217;21.684;0;0;0;nan;0
262600;29.388;1701.62;6.04961;21.701;0;0;0;nan;0
262800;29.405;1699.47;6.05811;21.717;0;0;0;nan;0
263000;29.421;1701.48;6.06472;21.734;0;0;0;nan;0
263200;29.438;1703.20;6.07051;21.750;0;0;0;nan;0
263400;29.455;1701.91;6.07638;21.766;0;0;0;nan;0
263600;29.472;1700.97;6.08374;21.783;0;0;0;nan;0
263800;29.488;1702.55;6.09216;21.800;0;0;0;nan;0
264000;29.505;1701.19;6.09780;21.816;0;0;0;nan;0
264200;29.522;1700.12;6.10479;21.833;0;0;0;nan;0
264400;29.539;1701.76;6.11411;21.849;0;0;0;nan;0
264600;29.555;1698.82;6.12313;21.866;0;0;0;nan;0
264800;29.572;1702.70;6.12787;21.883;0;0;0;nan;0
265000;29.589;1699.33;6.13464;21.900;0;0;0;nan;0
265200;29.606;1700.18;6.14133;21.917;0;0;0;nan;0
265400;29.622;1698.25;6.14892;21.934;0;0;0;nan;0
265600;29.639;1701.27;6.15591;21.950;0;0;0;nan;0
265800;29.656;1697.75;6.16365;21.968;0;0;0;nan;0
266000;29.673;1700.54;6.17290;21.984;0;0;0;nan;0
266200;29.689;1699.82;6.17779;22.001;0;0;0;nan;0
266400;29.706;1699.25;6.18485;22.017;0;0;0;nan;0
266600;29.723;1698.97;6.19079;22.034;0;0;0;nan;0
266800;29.739;1699.82;6.19808;22.050;0;0;0;nan;0
267000;29.756;1700.69;6.20605;22.067;0;0;0;nan;0
267200;29.773;1696.38;6.21447;22.084;0;0;0;nan;0
267400;29.790;1700.33;6.22048;22.100;0;0;0;nan;0
267600;29.807;1698.75;6.22755;22.117;0;0;0;nan;0
267800;29.823;1697.96;6.23469;22.133;0;0;0;nan;0
268000;29.840;1698.39;6.23995;22.150;0;0;0;nan;0
268200;29.857;1700.18;6.24852;22.166;0;0;0;nan;0
268400;29.873;1700.26;6.25830;22.182;0;0;0;nan;0
268600;29.890;1698.39;6.26386;22.199;0;0;0;nan;0
268800;29.907;1698.10;6.27168;22.216;0;0;0;nan;0
269000;29.924;1696.17;6.28010;22.232;0;0;0;nan;0
269200;29.940;1697.96;6.28634;22.249;0;0;0;nan;0
269400;29.957;1697.03;6.29182;22.265;0;0;0;nan;0
269600;29.974;1696.82;6.29769;22.281;0;0;0;nan;0
269800;29.990;1699.04;6.30686;22.298;0;0;0;nan;0
270000;30.007;1697.75;6.31573;22.315;0;0;0;nan;0
270200;30.024;1697.67;6.32084;22.332;0;0;0;nan;0
270400;30.041;1697.82;6.32701;22.348;0;0;0;nan;0
270600;30.058;1697.46;6.33317;22.364;0;0;0;nan;0
270800;30.074;1697.60;6.34452;22.381;0;0;0;nan;0
271000;30.091;1698.46;6.34881;22.398;0;0;0;nan;0
271200;30.108;1697.53;6.35535;22.415;0;0;0;nan;0
271400;30.124;1695.52;6.36377;22.432;0;0;0;nan;0
271600;30.141;1697.31;6.37143;22.449;0;0;0;nan;0
271800;30.158;1696.03;6.37775;22.466;0;0;0;nan;0
272000;30.174;1696.82;6.38572;22.482;0;0;0;nan;0
272200;30.191;1695.59;6.39406;22.499;0;0;0;nan;0
272400;30.208;1697.03;6.40060;22.516;0;0;0;nan;0
272600;30.225;1696.67;6.40910;22.532;0;0;0;nan;0
272800;30.241;1697.67;6.41270;22.549;0;0;0;nan;0
273000;30.258;1696.52;6.42120;22.565;0;0;0;nan;0
273200;30.275;1696.31;6.43014;22.582;0;0;0;nan;0
273400;30.292;1695.81;6.43721;22.598;0;0;0;nan;0
273600;30.308;1696.60;6.44540;22.615;0;0;0;nan;0
273800;30.325;1693.44;6.45149;22.632;0;0;0;nan;0
274000;30.342;1694.66;6.46067;22.649;0;0;0;nan;0
274200;30.359;1693.87;6.46495;22.665;0;0;0;nan;0
274400;30.376;1694.73;6.47435;22.682;0;0;0;nan;0
274600;30.392;1695.09;6.48179;22.698;0;0;0;nan;0
274800;30.409;1695.02;6.48871;22.715;0;0;0;nan;0
275000;30.426;1693.51;6.49502;22.732;0;0;0;nan;0
275200;30.442;1695.02;6.50254;22.749;0;0;0;nan;0
275400;30.459;1695.31;6.50998;22.766;0;0;0;nan;0
275600;30.476;1694.66;6.51757;22.782;0;0;0;nan;0
275800;30.493;1693.51;6.52389;22.799;0;0;0;nan;0
276000;30.509;1696.60;6.53306;22.815;0;0;0;nan;0
276200;30.526;1692.37;6.53982;22.832;0;0;0;nan;0
276400;30.543;1692.37;6.54779;22.849;0;0;0;nan;0
276600;30.559;1694.66;6.55426;22.866;0;0;0;nan;0
276800;30.576;1692.86;6.56050;22.884;0;0;0;nan;0
277000;30.593;1692.73;6.56846;22.900;0;0;0;nan;0
277200;30.609;1693.58;6.57628;22.917;0;0;0;nan;0
277400;30.626;1691.50;6.58463;22.934;0;0;0;nan;0
277600;30.643;1693.58;6.59252;22.952;0;0;0;nan;0
277800;30.660;1694.16;6.59921;22.969;0;0;0;nan;0
278000;30.676;1691.22;6.60425;22.985;0;0;0;nan;0
278200;30.693;1691.58;6.61470;23.002;0;0;0;nan;0
278400;30.710;1692.07;6.62056;23.019;0;0;0;nan;0
278600;30.727;1691.07;6.62890;23.035;0;0;0;nan;0
278800;30.743;1691.58;6.63605;23.052;0;0;0;nan;0
279000;30.760;1691.65;6.64304;23.068;0;0;0;nan;0
279200;30.777;1690.64;6.65161;23.085;0;0;0;nan;0
279400;30.793;1692.15;6.66055;23.102;0;0;0;nan;0
279600;30.810;1692.94;6.66762;23.118;0;0;0;nan;0
279800;30.827;1691.00;6.67266;23.136;0;0;0;nan;0
280000;30.843;1691.36;6.68002;23.152;0;0;0;nan;0
280200;30.860;1690.71;6.68964;23.169;0;0;0;nan;0
280400;30.877;1691.43;6.69566;23.186;0;0;0;nan;0
280600;30.894;1690.57;6.70227;23.203;0;0;0;nan;0
280800;30.910;1690.28;6.70942;23.220;0;0;0;nan;0
281000;30.927;1690.57;6.71596;23.236;0;0;0;nan;0
281200;30.944;1690.00;6.72791;23.253;0;0;0;nan;0
281400;30.960;1690.14;6.73452;23.270;0;0;0;nan;0
281600;30.977;1688.28;6.73994;23.287;0;0;0;nan;0
281800;30.994;1690.14;6.74715;23.303;0;0;0;nan;0
282000;31.010;1691.36;6.75497;23.320;0;0;0;nan;0
282200;31.027;1690.57;6.76377;23.337;0;0;0;nan;0
282400;31.044;1691.22;6.77068;23.354;0;0;0;nan;0
282600;31.061;1689.13;6.77775;23.372;0;0;0;nan;0
282800;31.077;1689.92;6.78715;23.389;0;0;0;nan;0
283000;31.094;1690.21;6.79323;23.406;0;0;0;nan;0
283200;31.111;1691.65;6.80301;23.424;0;0;0;nan;0
283400;31.128;1689.13;6.80872;23.441;0;0;0;nan;0
283600;31.144;1689.64;6.81609;23.458;0;0;0;nan;0
283800;31.161;1688.56;6.82421;23.475;0;0;0;nan;0
284000;31.178;1687.05;6.83240;23.492;0;0;0;nan;0
284200;31.194;1687.98;6.83841;23.509;0;0;0;nan;0
284400;31.211;1687.56;6.84796;23.526;0;0;0;nan;0
284600;31.228;1686.05;6.85510;23.542;0;0;0;nan;0
284800;31.245;1687.56;6.86442;23.559;0;0;0;nan;0
285000;31.262;1686.69;6.87081;23.576;0;0;0;nan;0
285200;31.278;1687.34;6.87863;23.593;0;0;0;nan;0
285400;31.295;1688.63;6.88427;23.609;0;0;0;nan;0
285600;31.312;1686.98;6.89502;23.626;0;0;0;nan;0
285800;31.328;1687.20;6.90028;23.643;0;0;0;nan;0
286000;31.345;1685.40;6.90818;23.659;0;0;0;nan;0
286200;31.362;1687.27;6.91434;23.676;0;0;0;nan;0
286400;31.379;1686.91;6.92434;23.693;0;0;0;nan;0
286600;31.395;1686.48;6.93035;23.710;0;0;0;nan;0
286800;31.412;1684.90;6.93960;23.726;0;0;0;nan;0
287000;31.429;1686.48;6.94809;23.743;0;0;0;nan;0
287200;31.445;1688.49;6.95531;23.760;0;0;0;nan;0
287400;31.462;1686.12;6.96388;23.776;0;0;0;nan;0
287600;31.479;1685.55;6.97034;23.793;0;0;0;nan;0
287800;31.496;1685.83;6.97824;23.810;0;0;0;nan;0
288000;31.512;1685.33;6.98606;23.826;0;0;0;nan;0
288200;31.529;1686.91;6.99470;23.843;0;0;0;nan;0
288400;31.546;1685.11;7.00094;23.860;0;0;0;nan;0
288600;31.562;1686.12;7.00861;23.877;0;0;0;nan;0
288800;31.579;1686.19;7.01575;23.894;0;0;0;nan;0
289000;31.596;1685.62;7.02342;23.911;0;0;0;nan;0
289200;31.613;1686.69;7.03469;23.928;0;0;0;nan;0
289400;31.629;1684.32;7.03905;23.945;0;0;0;nan;0
289600;31.646;1684.47;7.04755;23.962;0;0;0;nan;0
289800;31.663;1684.83;7.05506;23.979;0;0;0;nan;0
290000;31.680;1682.60;7.06311;23.996;0;0;0;nan;0
290200;31.696;1684.47;7.07115;24.013;0;0;0;nan;0
290400;31.713;1682.75;7.07852;24.030;0;0;0;nan;0
290600;31.730;1683.25;7.08829;24.047;0;0;0;nan;0
290800;31.747;1684.18;7.09784;24.063;0;0;0;nan;0
291000;31.763;1682.89;7.10077;24.080;0;0;0;nan;0
291200;31.780;1686.05;7.11325;24.097;0;0;0;nan;0
291400;31.797;1685.26;7.11866;24.114;0;0;0;nan;0
291600;31.814;1681.67;7.12438;24.130;0;0;0;nan;0
291800;31.830;1683.61;7.13528;24.147;0;0;0;nan;0
292000;31.847;1682.53;7.14279;24.164;0;0;0;nan;0
292200;31.864;1684.40;7.15008;24.180;0;0;0;nan;0
292400;31.880;1681.38;7.15813;24.197;0;0;0;nan;0
292600;31.897;1683.25;7.16369;24.213;0;0;0;nan;0
292800;31.914;1682.68;7.17407;24.230;0;0;0;nan;0
293000;31.930;1680.38;7.17993;24.247;0;0;0;nan;0
293200;31.947;1680.31;7.18985;24.264;0;0;0;nan;0
293400;31.964;1681.74;7.19940;24.280;0;0;0;nan;0
293600;31.981;1681.38;7.20744;24.297;0;0;0;nan;0
293800;31.997;1679.81;7.21376;24.314;0;0;0;nan;0
294000;32.014;1682.46;7.22406;24.331;0;0;0;nan;0
294200;32.031;1682.96;7.22947;24.348;0;0;0;nan;0
294400;32.048;1679.66;7.23653;24.364;0;0;0;nan;0
294600;32.065;1680.31;7.24638;24.382;0;0;0;nan;0
294800;32.081;1681.67;7.25337;24.399;0;0;0;nan;0
295000;32.098;1679.87;7.26104;24.416;0;0;0;nan;0
295200;32.115;1680.53;7.26901;24.433;0;0;0;nan;0
295400;32.131;1680.95;7.27773;24.450;0;0;0;nan;0
295600;32.148;1679.45;7.28517;24.467;0;0;0;nan;0
295800;32.165;1679.95;7.29337;24.483;0;0;0;nan;0
296000;32.181;1678.01;7.30111;24.500;0;0;0;nan;0
296200;32.198;1677.94;7.31081;24.517;0;0;0;nan;0
296400;32.215;1679.95;7.31817;24.533;0;0;0;nan;0
296600;32.232;1681.24;7.32554;24.550;0;0;0;nan;0
296800;32.249;1678.51;7.33403;24.567;0;0;0;nan;0
297000;32.266;1680.66;7.34215;24.583;0;0;0;nan;0
297200;32.282;1677.65;7.34960;24.600;0;0;0;nan;0
297400;32.299;1677.72;7.35749;24.617;0;0;0;nan;0
297600;32.316;1677.51;7.36583;24.634;0;0;0;nan;0
297800;32.333;1677.22;7.37531;24.650;0;0;0;nan;0
298000;32.349;1677.72;7.38365;24.667;0;0;0;nan;0
298200;32.366;1676.86;7.38989;24.683;0;0;0;nan;0
298400;32.383;1677.58;7.39929;24.701;0;0;0;nan;0
298600;32.400;1676.79;7.40898;24.717;0;0;0;nan;0
298800;32.416;1675.50;7.41560;24.734;0;0;0;nan;0
299000;32.433;1677.01;7.42454;24.750;0;0;0;nan;0
299200;32.450;1674.57;7.43341;24.767;0;0;0;nan;0
299400;32.467;1674.06;7.44176;24.784;0;0;0;nan;0
299600;32.483;1674.50;7.44883;24.800;0;0;0;nan;0
299800;32.500;1675.14;7.45965;24.817;0;0;0;nan;0
300000;32.517;1673.49;7.46687;24.834;0;0;0;nan;0
300200;32.534;1676.00;7.47596;24.851;0;0;0;nan;0
300400;32.550;1673.85;7.48468;24.868;0;0;0;nan;0
300600;32.567;1675.72;7.49220;24.884;0;0;0;nan;0
300800;32.584;1674.85;7.50303;24.901;0;0;0;nan;0
301000;32.600;1672.70;7.51024;24.919;0;0;0;nan;0
301200;32.617;1672.20;7.51926;24.936;0;0;0;nan;0
301400;32.634;1672.27;7.52753;24.952;0;0;0;nan;0
301600;32.650;1675.64;7.53603;24.969;0;0;0;nan;0
301800;32.667;1671.41;7.54640;24.986;0;0;0;nan;0
302000;32.684;1675.29;7.55384;25.002;0;0;0;nan;0
302200;32.700;1672.12;7.56091;25.019;0;0;0;nan;0
302400;32.717;1671.84;7.57016;25.035;0;0;0;nan;0
302600;32.734;1671.27;7.58121;25.052;0;0;0;nan;0
302800;32.751;1673.35;7.58842;25.068;0;0;0;nan;0
303000;32.767;1671.55;7.59902;25.085;0;0;0;nan;0
303200;32.784;1670.62;7.60669;25.102;0;0;0;nan;0
303400;32.801;1670.62;7.61616;25.118;0;0;0;nan;0
303600;32.818;1669.76;7.62541;25.135;0;0;0;nan;0
303800;32.834;1670.12;7.63601;25.151;0;0;0;nan;0
304000;32.851;1670.26;7.64375;25.167;0;0;0;nan;0
304200;32.868;1669.61;7.65210;25.184;0;0;0;nan;0
304400;32.885;1670.62;7.66322;25.200;0;0;0;nan;0
304600;32.901;1667.54;7.67202;25.217;0;0;0;nan;0
304800;32.918;1667.61;7.68119;25.234;0;0;0;nan;0
305000;32.935;1667.39;7.68968;25.250;0;0;0;nan;0
305200;32.951;1665.67;7.69893;25.267;0;0;0;nan;0
305400;32.968;1665.81;7.70923;25.283;0;0;0;nan;0
305600;32.985;1666.24;7.71795;25.300;0;0;0;nan;0
305800;33.001;1666.03;7.72952;25.317;0;0;0;nan;0
306000;33.018;1665.52;7.73704;25.333;0;0;0;nan;0
306200;33.035;1663.73;7.74734;25.350;0;0;0;nan;0
306400;33.052;1664.52;7.75809;25.367;0;0;0;nan;0
306600;33.068;1665.67;7.76546;25.384;0;0;0;nan;0
306800;33.085;1664.45;7.77508;25.401;0;0;0;nan;0
307000;33.102;1661.58;7.78733;25.418;0;0;0;nan;0
307200;33.119;1663.52;7.79628;25.435;0;0;0;nan;0
307400;33.136;1662.80;7.80628;25.452;0;0;0;nan;0
307600;33.152;1663.58;7.81522;25.469;0;0;0;nan;0
307800;33.169;1662.22;7.82605;25.486;0;0;0;nan;0
308000;33.186;1661.79;7.83544;25.503;0;0;0;nan;0
308200;33.202;1659.35;7.84552;25.519;0;0;0;nan;0
308400;33.219;1659.21;7.85732;25.536;0;0;0;nan;0
308600;33.236;1659.13;7.86890;25.553;0;0;0;nan;0
308800;33.253;1656.62;7.88017;25.569;0;0;0;nan;0
309000;33.269;1658.06;7.88784;25.586;0;0;0;nan;0
309200;33.286;1657.13;7.90182;25.603;0;0;0;nan;0
309400;33.303;1655.04;7.91257;25.619;0;0;0;nan;0
309600;33.320;1655.19;7.92588;25.636;0;0;0;nan;0
309800;33.336;1652.17;7.93776;25.652;0;0;0;nan;0
310000;33.353;1651.81;7.94828;25.669;0;0;0;nan;0
310200;33.370;1650.74;7.96249;25.686;0;0;0;nan;0
310400;33.387;1651.10;7.97737;25.703;0;0;0;nan;0
310600;33.403;1647.51;7.99053;25.719;0;0;0;nan;0
310800;33.420;1646.79;8.00436;25.736;0;0;0;nan;0
311000;33.437;1643.27;8.02323;25.752;0;0;0;nan;0
311200;33.453;1639.76;8.04172;25.769;0;0;0;nan;0
311400;33.470;1635.38;8.06179;25.786;0;0;0;nan;0
311600;33.487;1632.01;8.08344;25.803;0;0;0;nan;0
311800;33.503;1621.32;8.12058;25.820;0;0;0;nan;0
312000;33.520;8.11;10.02022;25.838;0;0;0;nan;0
312200;33.537;6.60;10.46292;25.852;0;0;0;nan;0
312400;33.554;5.95;10.71347;25.867;0;0;0;nan;0
312600;33.570;8.75;10.89397;25.883;0;0;0;nan;0
312800;33.587;7.75;11.03740;25.898;0;0;0;nan;0
313000;33.604;6.45;11.15460;25.915;0;0;0;nan;0
313200;33.621;7.75;11.25608;25.931;0;0;0;nan;0
313400;33.637;6.67;11.34253;25.948;0;0;0;nan;0
313600;33.654;7.39;11.41973;25.964;0;0;0;nan;0
313800;33.671;7.46;11.49025;25.980;0;0;0;nan;0
314000;33.687;6.67;11.55685;25.996;0;0;0;nan;0
314200;33.704;6.67;11.61684;26.013;0;0;0;nan;0
314400;33.721;6.24;11.67314;26.030;0;0;0;nan;0
314600;33.738;5.59;11.72967;26.047;0;0;0;nan;0
314800;33.754;6.53;11.77884;26.062;0;0;0;nan;0
315000;33.771;6.74;11.82545;26.079;0;0;0;nan;0
315200;33.788;5.66;11.87341;26.097;0;0;0;nan;0
315400;33.805;7.60;11.91701;26.113;0;0;0;nan;0
315600;33.822;6.31;11.96001;26.131;0;0;0;nan;0

+---------------------------------------------------------+
|               We log your data with care!               |
+---------------------------------------------------------+
